Astro Endo Micro Neuro-Ex Neuro-In Oligo OPC
0.23902600674426 -0.0192645497381032 -0.0699713405890838 0.21206712678991 0.209905297422104 0.110260781886852 0.236040686682279
0.107398357376511 0.0123604770690487 -0.0133467028269081 0.0244970101139427 -0.0935067670876961 0.261421956093016 0.0639932501521017
0.96162307823917 0.0904887540415215 0.555609855731124 -0.833823443072219 -0.273302765414181 0.495394826162063 0.705995820309833
-0.178928277993527 0.0266271282514168 0.314620978300895 -0.227950417943607 -0.252757259907104 0.656746161787102 0.0337060768459126
0.035435065324519 0.102683155847951 0.0809708657011843 -0.195321373951303 -0.196317332479912 0.327442360368345 0.22568102392981
-0.440185025563564 0.355621656285291 -0.133524923673518 -0.0183418951357537 0.00299745111414778 -0.449292533625987 -0.331659796630609
0.368313400637341 0.249918921239334 -0.0572936758448954 0.308399698558209 0.181392688692737 -0.291482163937784 0.106842913602118
0.0629657753037444 0.240673574782381 0.230945428177292 0.179948049308031 0.252245266691742 0.606944621695596 -0.0294121443339341
-1.56098657817526 0.165340374565502 -0.0155847030021548 0.129922089460138 0.140806986932477 -0.325782487766811 -0.96885411550074
1.16878681996663 -0.119540908827703 0.435371540895681 -0.923946581840615 -0.304108414238748 0.050023880035035 1.11338360269842
-0.0458401472740904 -0.193374390034468 -0.162328197673669 0.322681571583047 0.210432708574685 0.200651262229467 0.0409865502015535
0.622298864750792 -0.217365383313931 -0.0190252983793975 -0.327724299449307 -0.20098143925783 -0.302844316666939 0.567753025661814
-0.0585467297542692 0.0399575981130489 -0.163488660471537 0.36550105080593 0.181907852222088 -0.197332290336026 -0.0284770233408383
0.152621766432739 -0.331859880870044 0.006045762997548 0.195249761971085 0.0782116132055423 0.0410698951374928 0.0709323761868275
-0.184299427307089 -0.0432004614674992 0.0242043708411797 0.0472168002146278 -0.0512429106500988 0.00624071494761143 -0.0674011107718324
0.492423831910052 -0.124509569996938 -0.376676856938406 0.804379238238798 0.61068437789922 -0.331257865002743 0.300434864605194
0.446716112307979 0.0263919313385901 0.413044156001788 -0.283427430582528 -0.139525798292955 0.772981715499716 0.469642458130386
0.642791206702056 0.531893125355051 -0.288648980833698 0.354632559719982 0.186881455457344 -0.347261503954739 0.20645882688788
-0.346834771872955 -0.295123075715937 -0.0285390545880571 0.24435336872907 0.254118824814384 0.133447123821122 -0.0472775459568342
0.0312366183186819 -0.0988698068676454 0.24561726236985 -0.109709643507257 -0.470291495626233 0.24181037790103 -0.194751963575378
-0.502030068611088 -0.40336827828849 -0.459134590658356 0.427357138427778 0.355646987392102 -0.661488046876489 -0.343570573059129
0.034478458798968 -0.0929639774837513 -0.0272071568309035 0.104632611422972 -0.0517144275581175 -0.10078642902924 -0.170694813092807
-0.00165931697295885 -0.355295514529604 -0.286240724418096 0.13338393987649 -0.00358429605776268 -0.497151610108653 -0.0930518349152859
0.308780317641476 -0.506688442580785 0.094573218419202 -0.0783763349188326 -0.0728957136051645 -0.0690251888164326 0.288519286275861
0.16260562773236 -0.0954694812791698 -0.0355867196469319 0.276774290248806 0.135515161297087 0.0271796753081664 0.283896518506579
0.39994427125231 -0.411983368526655 -0.101242328141973 0.110012305363881 0.187836480515451 -0.211612618414277 0.39948795113923
0.439181153831538 -0.210597766370824 -0.318721566273355 0.556970212023208 0.401029896052696 -0.338487792926654 0.491612654684719
0.587576471776218 -0.209367086623459 -0.110605537257406 0.107114400183121 0.118070920378969 -0.203818009211641 0.351319687962434
0.263165290925307 -0.162537118153499 -0.0969498586588758 0.317795755373788 0.146083397547247 -0.0604727107824467 0.293283046031752
-0.681075925063851 -0.723529613806375 -0.186805848017354 0.0184444079543686 0.139940153719274 -0.354624495365365 -0.122363305445433
0.0934151140653727 0.380989839403045 0.0610629352329248 -0.0657090498403254 0.0444459046105316 0.168203142973703 -0.112860238713594
-0.739025022276084 0.444356126136857 0.227671066217914 0.0157947578811795 -0.0169767980898268 0.292709464662064 -0.42024259447366
-0.427508722956319 -0.0730831797984708 -0.164968045061164 0.539281941878516 0.38610640112299 -0.261435159123156 -0.289281334384274
-0.406000171080522 0.500214891212016 0.302136031333671 -0.257036916360681 -0.133150995754483 0.415992505475173 -0.41748216072303
-0.40781284577653 -0.190888360820383 -0.0814650349489006 0.306248030889133 0.238047542165266 -0.313847980670725 -0.515986780877282
-0.163614002970289 0.206517821643901 0.17118258562208 0.229471899461309 0.0783884445750728 0.25287992290784 -0.326796763550154
-0.48124753491737 -0.0307185599569098 0.667589778386734 -0.668977553483005 -0.514898619983246 1.28589104235171 -0.253995272694006
-0.359249678249343 0.232181575433149 0.658451572444295 -0.834960615460501 -0.675081772225258 1.36529701663176 -0.0427803613263648
0.99085280584907 0.110055302022143 -0.302282693120598 1.08213533445571 0.927682872305703 -0.328828227448045 0.547763605789492
-1.36582519556418 0.0058088655703412 -0.287182106206843 0.935032644141996 0.731262379815913 -1.18024408164678 -1.10349049065618
0.23423798572314 -0.132016576819882 -0.0860947732741319 0.187089389395487 0.188131792072949 -0.318321925536697 0.242810339785744
-0.103671401059839 -0.221245125826097 0.0114145398926499 0.0140753548360353 0.0274803050740599 -0.20126401000688 0.00750851639261326
-0.0593937974965544 0.13726792160415 0.284507923632826 -0.145360535734017 -0.0285295836262965 0.495362046228277 0.0579308813882099
0.134757757218174 -0.0817147223093995 0.0857438757356191 -0.00701558069222946 0.108735767983417 0.379149476431584 0.286196627867161
0.324555474363463 0.312794906513602 0.0889376705226658 0.201890060260049 0.0951218574443985 0.562132174239885 0.446003785414964
-0.620859501901208 0.601154671250148 0.254351141812144 -0.224043618378885 -0.377730872225433 0.79768481034727 -0.71710872713433
-0.850793274709027 -0.453942104898807 -0.0498885373865087 0.0676081765295321 -0.0214376683385198 -0.109122973428146 -0.237372762101946
-0.291163654719871 0.33445037978733 -0.0242904223475695 -0.0831516442571711 -0.164865828697954 0.044211613300428 -0.44242664669887
-0.965490181678976 0.263230789438669 0.16596471840546 0.105527302096899 0.0930452563647339 0.117757617048026 -0.284098683921618
-1.51288544061018 -0.0694962233760125 0.0342117053913565 0.077945077586541 0.107784287769375 0.068243450519942 -0.701260251670819
0.428216141854023 -0.302805591127545 -0.0185447534589261 -0.445046761532326 -0.226730007758263 -0.212730236973654 0.465234514735696
-0.0209066419275036 -0.423201196287725 -0.0110914622306037 -0.397852607114981 -0.384839097795747 -0.188959687489777 -0.0106674917001372
0.325250980165261 -0.160347988746868 0.0104621521259615 -0.28962354008541 -0.111190489499534 -0.183932618508399 0.127723311606461
0.376772212799551 -0.395147056673853 -0.282979300537667 0.549986100975801 0.341473176942017 -0.277065708768739 0.563177091928292
-0.20417095071735 -0.0900727183019174 0.172318283759778 -0.371957013978111 -0.341333758804238 0.238244378042431 -0.193327920954999
0.373894950488721 -0.200963473856328 0.253965154858449 -0.364781102531279 -0.263263166099214 0.359880696389044 0.621137629304644
0.273961409510388 -0.247032885255403 -0.335553621230287 0.646286237524036 0.438852193594712 -0.130281850980607 0.375240487405038
0.35990184969528 -0.0311638700896337 -0.134964711264761 -0.341011013071103 -0.29398593184244 -0.210861333962669 0.0371988439169164
0.231949180372267 -0.484176980294836 0.123198275939413 -0.306721228106967 -0.121854245908452 -0.121884250311071 0.307620770126297
0.0386679944733997 -0.347453900411351 -0.419365578654347 -0.184476337520141 -0.10043970310184 -0.849182369631399 0.270403348868324
-1.36903421490913 -0.0795165030460437 0.0489211772628245 -0.350922296438779 -0.113624818063591 -0.0511479894431117 -0.636017440929853
0.0426187166453454 0.206333458226555 -0.137678596629956 0.141171996744678 0.0850444725620861 -0.00190966550288239 -0.0468505583468826
-0.200615005090356 -0.00768629825102721 -0.0548348664219307 -0.10184821759705 -0.129566281822453 0.0211415421475099 -0.0239184469461502
0.0555618883923761 0.149921637232013 -0.257407796584199 0.264421599663423 0.177542323079384 -0.394203842003625 0.0229266973253611
-0.186023085718587 0.301273391339373 0.181578266889615 -0.118896908006693 -0.132787987661418 0.00814145219216812 0.0332499787258512
-2.14736210701198 0.0125406509680385 0.191007889879198 0.501143677862502 0.362023014876273 -0.0645040678967312 -0.637752035803728
0.0746213619021459 -0.153988917446022 0.0528856787512005 0.0936113438619503 0.13222662627101 0.174952936694151 -0.00235683514405082
0.25855585421802 -0.0693542904179224 -0.516635142623757 0.636252742255852 0.504924515821053 -0.693688554952385 0.190749521450581
-0.0264142461636281 0.0606159680929184 0.336131712373628 -0.320303237825843 -0.405905095468859 0.637500485602575 -0.0279182805178787
-1.54875470868493 0.0492143845917468 -0.0628601430649184 -0.0991925120697249 0.051765893223055 -0.572142976691858 -1.0406945298271
-0.780943032801427 0.529175846344868 -0.0987190121915181 0.116876278040416 0.0617559124150512 -0.427003087619704 -0.683859686391355
-0.290605216602719 -0.0303379540895116 0.287418025173817 -0.436649653742294 -0.456469379431604 0.515109646918152 -0.0773326892719253
-0.420551155278724 -0.699993900847971 0.451008540030758 -0.516334106075944 -0.780926133982573 0.86152933361077 0.12869687002277
-0.559065786311612 0.061100853061029 0.338463690630604 -0.686949054737295 -0.477884747763084 0.648730696389572 -0.447728366433037
0.107460789259607 0.393617617018484 0.0614246229443999 -0.427619755500573 -0.189080638027781 0.0616384782248582 -0.111916056956302
0.363207022396768 0.0560110494665228 -0.141729105988419 0.306269198466227 0.334038486187045 -0.0239562050449078 0.17775713752235
0.611549799385524 0.327357755910886 0.0271975410433939 -0.139036023104926 -0.016988501635568 0.103968560504943 0.199015329728491
0.216872027012575 -0.125256259680648 -0.208130138883435 0.237856533043046 0.265235644965493 -0.135668868423078 0.0420162884655231
-0.519590789828578 0.228921993945356 0.149886867332613 -0.0544356296942096 -0.0547515175650845 0.179173020835142 -0.104650618057493
0.543444975091343 0.330530499175084 -0.222489772270833 0.0104500425434462 0.0476441700966521 -0.216476164304957 0.154702171943635
0.337726526555598 0.0877542779008377 -0.0620952403077198 -0.268803441507551 -0.155950194132975 0.0390009583021198 0.236222931116119
0.829288928436554 0.72532828587894 0.180143805417273 -0.218228929037534 -0.086347591804753 0.838717607051979 0.572598267776775
0.0450682811841931 -0.100213855356301 -0.112641897258784 -0.0252343887492679 -0.0249951097886975 -0.102369249981554 -0.133077272530963
-0.40179927326493 0.449926769792029 0.144592007661514 -0.56424901285342 -0.380164680477302 0.263617178088671 -0.110749861040046
0.476478595245299 0.0023456296213886 0.000485848301992639 0.504088679205405 0.245265111690523 0.244655815378613 0.495221437198895
0.718020828206566 0.352307634637586 0.152321754766691 -0.249498804624705 -0.160782366455649 0.492258528095007 0.506842526403777
0.518986453919781 0.513271453076587 -0.244661537293537 -0.274907905693263 -0.280747463255575 0.0217588542416812 0.0157264164099047
0.863314403458321 0.641595016411606 -0.103234872565806 -0.272927628273352 -0.159531503472537 0.164268431208041 0.200801397590707
0.48981352929265 0.195417574191076 -0.220905219621248 0.121363127672656 -0.14840468534033 0.184187747249874 0.169923115731604
-0.354457880068042 0.0195309164940993 -0.0812791959667756 0.0521451988446317 -0.117728339182114 0.0418960562849366 0.0767725874018428
-0.0122799839640034 0.13564761072001 -0.0348250790479853 0.197620868280045 -0.0124095364643159 0.192605662994278 -0.0123625321723209
0.249110935091316 -0.442303117264544 -0.177380345494063 0.480673353983865 0.32430784221967 -0.195575627919882 0.0959578825855168
-0.380432898218548 0.025331318833203 -0.370742058507301 0.69550671866285 0.64908827981601 -0.229518947812403 -0.423504588700643
0.402285822339049 0.312850378241028 -0.237405102893876 0.115264752246623 0.0901662188217329 -0.265554704973724 0.0191791819481181
-0.263629783425682 -0.0921601286912605 -0.32020699038086 0.467692133789624 0.396519589128073 -0.514126961722784 -0.639517340919778
0.723821298141194 0.4628446251633 0.156248730222596 -0.534900948936744 -0.348700939759473 0.697605904728386 0.14612620489147
-0.372456506050677 0.381099035356402 0.710113591272822 -0.910909521479552 -0.989126769980865 1.27544295653288 -0.207678916726211
0.543584128655006 -0.227792084610877 -0.156882884919133 -0.360343259781442 -0.209414958312647 -0.399040264393544 0.359991206489062
-0.205302993631511 -0.091782094983597 -0.158326215329224 -0.470823590918677 -0.380133736311703 -0.581212657964234 -0.50153661885407
0.278024619542361 -0.0424306621876767 0.0116476282019401 -0.290955411373863 -0.374104642345376 -0.0181935184710614 0.00924801894236993
0.670628793397599 -0.0380036767001544 -0.142384091800621 0.364599987316517 0.232119733530044 -0.146224748526487 0.273857059921865
0.497944019910977 -0.257718304290969 -0.225745202679036 1.08743910806305 0.807302039146254 -0.181315032375985 0.457254679223516
-0.125322079014234 0.114166616290453 0.00190822195903874 0.118180932864256 -0.141439790922109 -0.0180600055785577 -0.073680643561731
-0.13548820012211 -0.0437319549404273 0.0444140690190064 0.189416539077593 0.31539914818404 -0.602822087164551 -0.319341640278988
0.257656186596249 -0.145380072221022 -0.153585350635872 -0.120478781147226 -0.176863586521687 -0.230603624604729 0.127153250504981
0.0756730784157494 -0.0722637317156131 -0.0716478841605452 0.0947948657748184 -0.0121696579316368 -0.207682812049942 -0.255235760059927
-0.457366379482212 0.0332992153017261 -0.11707087918846 0.14218345546281 0.0126827911395459 -0.384918393064858 -0.210029000030598
0.366093326042495 -0.139855124367308 0.182579513670737 -0.0346990032622217 0.0394752184483288 0.23539303176544 0.310361108886935
0.2767423950415 -0.306438703832295 0.267246591443428 -0.323287563882519 -0.271464350857187 0.0780665347712916 -0.125268986486905
0.52538645896458 0.119144610166331 -0.1143857243253 0.0596536238399579 -0.0659490631893776 0.00231732215354498 0.140292819478984
0.370183645014689 -0.0609484104529469 -0.505298348743814 0.645382532506706 0.620291458315935 -0.936158189360216 0.429788666377962
-0.329358106552351 -0.0132713220292153 -0.0453913584455463 0.146967481985614 0.028262590282201 0.121168154021652 -0.211059424019517
0.0666094877155197 -0.35184769410814 0.0513652029072817 -0.14778710369558 -0.129401032013341 -0.184032181840337 -0.152894920585435
0.533906801461082 0.305513463782435 -0.133962864357182 0.0672764938743934 -0.170642688978228 0.364673839057226 0.2273269263246
0.481823655124874 0.0815800078170764 0.195633963538209 -0.168338557457896 0.0144380419678399 0.0844760564713894 0.647868014861535
-0.675455413843876 -0.206994045750754 -0.262575294218312 0.275285129636467 0.159475521086775 -0.563192487810517 -0.216178624488431
0.219306031403542 0.254648221531405 0.0293407240293715 -0.0485516077993078 -0.0916080688971864 -0.113064234471844 -0.0246594119177924
0.368779027128398 0.148594389402197 -0.149886851848381 0.20857607084172 0.179042105070926 -0.0602639093074452 0.0833620628404353
0.458115449041982 -0.0592743626132052 -0.0594474847531281 0.311972958780999 0.178425824635156 0.188144017886363 0.490337462903835
0.383004804763362 0.188992281489791 0.0993039323381916 -0.127633864156538 -0.113366053952734 0.632030722927272 0.143579129481122
0.419465019569074 0.178896812477257 0.0994678292814134 -0.359740896155697 -0.239726866849085 0.45294477712629 0.100272234460577
0.680802068054205 -0.0533822845803955 -0.271916406450995 -0.25569196590079 -0.173618776662078 -0.176803061139381 0.0720957557512034
-0.774572928882729 0.279184992300122 -0.234264968513196 0.269469004828213 -0.0190353479140278 -0.133374005081311 -0.80291618293965
-0.465578315430742 -0.277607075692038 0.357611349839263 -0.754563104579178 -0.485137662627431 0.551642968830257 -0.126854243082917
0.570156404905264 0.241430901161459 -0.256938673932812 -0.245977369140164 -0.262434933953209 -0.230111918082424 0.10614279239551
-1.08671185705826 -0.197002698847335 0.101797284900794 -0.158679014950049 0.0602908809659321 0.150344791738626 -0.272515781822488
-2.20531706871704 -0.00519801264468931 -0.179574458504762 0.420298457977226 0.394771103405381 -0.626361259183435 -1.12408818502774
-0.813506595235154 -0.242473716511038 0.169099072651865 0.0879244074108204 -0.0866292518167609 0.113055016933298 -0.609176937455753
-0.147561106690897 -0.0537287576130829 0.258705302129581 -0.338892486574906 -0.340829607823743 0.522134214974654 -0.594358417554172
0.328918181698065 0.122930916951339 0.347057120388488 -0.224942119215039 -0.0632789037755112 0.392361587301193 -0.130106582706885
0.419985220774789 -0.425501706022812 -0.754669174151223 0.769355486720573 0.862227076047174 -0.868541089391006 -0.0519462030898933
-0.431342980755811 0.343049299188241 0.625431118652807 -0.391739221644775 -0.124396636992244 1.17647865364067 -0.12658742199197
0.320572177371459 -0.592482348153011 -0.17199834475722 -0.131514435221827 0.0792373512805895 -0.960150169342147 0.23950922180698
0.421623198061783 -0.000766465199364115 0.0201327999042426 0.223688829071897 0.195124041235439 0.000106044957764535 0.127963221886409
-0.357174750603843 -0.378052650090053 -0.00143650116638247 0.24420582017918 0.219847640473117 -0.311139786559597 0.129392929096411
0.115351788590869 -0.0390196702794967 -0.117785858674705 0.0494537567643681 0.0588977129685718 -0.0489277327489641 -0.00227522743319558
-0.0340607250488028 -0.115990482677882 -0.147116296712235 0.104679938299099 0.0631389623982933 -0.0111188519540298 0.101436820029693
0.299474369637266 -0.341135489248665 0.181074327415511 0.0341551906967989 0.0608505400722852 0.209552167536137 0.302157501969909
0.774244199521412 0.289759214569029 -0.0335459483747848 -0.178349609459694 -0.202021052308955 0.0221624087390944 0.445117434236098
-2.33188785980624 0.462115045005946 0.541660044694518 0.378209949679754 0.47783269019312 0.221728126720174 -1.04134523359093
-0.183372654602288 -0.3666945948032 -0.189282720826582 0.310730505056771 0.00769776328553386 -0.206002558981354 -0.101497987980127
0.356235483632302 -0.196032285551274 -0.134010900500068 0.485716274101869 0.410713429008689 0.0587240371673704 0.331011013760502
-0.375507778646615 -0.284406956361469 -0.167783901843363 0.026624860968376 -0.122699962440247 -0.585451982429378 -0.339088995561562
0.374566929408608 -0.106349389807119 -0.0255120104801523 0.363376059755409 0.251515477333393 0.110385824726716 0.340763760452716
0.768092390882856 0.371163457815341 -0.126488470628482 -0.107933791053229 -0.0250511415024516 -0.281407492017974 0.25684750417597
0.31626463000556 -0.501577639481623 0.291761677718879 -0.278066603909015 -0.274416084593927 0.317052289897541 0.104053696845099
0.678733776030456 -0.125511627222412 0.0602783851942247 -0.586625594376147 -0.442205467160295 -0.468022479334739 0.560561672775866
-0.117296632055036 0.357698509196435 0.209072383527688 0.0384875117021268 0.0734171186256386 0.659691148087218 0.14318455973684
-0.371900075135586 0.0118070954668378 0.0915064291553741 0.0448428839080298 0.0485752745727164 0.0571904243375249 -0.232327179798754
0.826141181503643 0.197719380862474 0.257852249535045 -0.828580441343937 -0.430325981159144 0.285846658067519 0.579379459453648
0.326260231267566 -0.175685099431669 -0.236443468786423 0.116813946929089 0.106766264548524 -0.762579156582521 -0.016420690432455
0.342330097501878 -0.0832923487287918 0.0144489184177527 -0.0728591306879764 0.118389253504932 -0.122380587987243 0.253026599358412
