-0.444216056501509
-0.452737687954583
1.08448238548347
-0.0433171572517087
-0.575817909885534
-0.0686597862922199
2.18111483803673
0.461956260153046
0.733737425752662
-1.81580479988868
-0.0345665131978967
1.13809090472684
-1.13367714759374
-0.626781553715866
1.31639772791079
-0.520074006280659
-0.195401643374899
0.00945582593011076
-0.725800115054281
-0.254758107443898
0.327306877473553
-0.64178814805597
-0.888691199624127
1.24106245837865
-0.897237331074198
1.36874710981536
1.2065224640114
-0.215538870700645
-1.12210317853521
-1.80775923578518
0.689970191004667
0.803925178740382
-0.457801456835273
0.855461737723907
1.19545662905091
-0.350309314332376
1.04179621210802
0.00727253481019267
0.0248584471308065
-0.48113028619329
-0.604159187855997
-0.208556249244658
-1.58835591721087
-0.770699443416958
1.63902595437233
-0.64259444198449
-1.41203147968763
-1.00500094186439
1.22015686870449
1.34404003360181
1.14147269591339
0.194386901111706
0.125728614509871
-1.54106781908093
0.591074661890243
-1.24499820541105
0.457029481970559
0.441072549373768
0.76858014273366
0.0354390851950124
0.767575192693522
0.879278105319014
1.6198042971394
-0.851421501290707
-1.98851153739572
0.624516692004656
-0.705566828478267
-0.332429471141097
-1.22509548954517
0.651076687086554
1.11562027418686
1.54618411853566
2.52541517515229
-1.66319180527238
-0.869310078715423
0.340713043718284
-1.70668732591591
0.276336241009471
1.21718661416388
0.628093122944603
-0.850086618025307
-1.21675275650737
-0.205652452815362
0.547352491299824
1.04117350083004
0.504465555970991
-1.28340788465254
-0.326194094628757
0.883410549978962
2.48629765219221
-0.99189926750655
-0.267831853270696
-2.50963788240157
-0.583925665064634
0.29124672879038
0.493355496942376
-0.724432598808092
0.403502134896663
-0.394507268019564
-1.29251991000101
1.15344175305612
-1.45961861068358
-0.550359795556216
-0.387269733766208
-0.641882155833822
0.344621558140794
-0.996000491138698
-0.343193418954609
-0.781830907041242
-0.38013830057319
-0.240393188454312
-1.08457719770886
-1.73834229376494
-1.5085907019355
0.658251493351185
-0.326052170087763
-1.80830576440111
-0.188136967342794
-0.152383850754042
-0.628578845719937
0.109665040275707
0.552651242341856
-0.45832087381715
0.266850913707733
0.415481115482577
-1.19844909852742
0.914156249749281
-0.0442823904664826
0.075748144563738
-1.04592674013299
-0.401277521262861
0.418040564502434
1.07659208383389
2.14624438694283
1.0500067460714
0.343071097290664
-0.610077439828681
0.469134482721598
1.73957548961555
0.504281946816585
-0.89558593668577
2.46344789446511
1.76864159602006
0.792200642564479
0.379452636523609
0.396621767327718
-0.217960355542056
0.0152746931054797
-0.79668741986752
-0.418572476757456
0.790117605828267
0.731495110617428
0
0
0
0
0
0
0
0
0
0
0
0
0
0
0
0
0
0
0
0
0
0
0
0
0
0
0
0
0
0
0
0
0
0
0
0
0
0
0
0
0
0
0
0
0
0
0
0
0
0
0
0
0
0
0
0
0
0
0
0
0
0
0
0
0
0
0
0
0
0
0
0
0
0
0
0
0
0
0
0
0
0
0
0
0
0
0
0
0
0
0
0
0
0
0
0
0
0
0
0
0
0
0
0
0
0
0
0
0
0
0
0
0
0
0
0
0
0
0
0
0
0
0
0
0
0
0
0
0
0
0
0
0
0
0
0
0
0
0
0
0
0
0
0
0
0
0
0
0
0
0
0
0
0
0
0
