-0.475670987639887
0.990292026338011
-0.362765254209283
-0.234699724930823
0.299333004141782
0.504261453105819
-0.0716584160693019
2.49783889104741
-0.371322064109125
-4.59866448323054
-0.268287342543809
1.1661206834696
-0.11560835018138
-1.36702775537133
-0.646540972605678
-0.52339369182771
-1.71804210404205
-0.0572458012435068
0.215951487561061
-0.106361534036272
1.43391170084451
-0.207515728928028
0.91188412377383
-0.582165024461363
-1.76474909965323
0.503090819248749
-0.440759411759655
-0.641595274262227
0.854488347470084
0.0977647537775081
0.317643948335303
0.476885313381562
-0.0440134131509405
-0.455605466838542
-0.852547385277208
0.795613675792395
0.438437786074934
0.235918862696803
0.0210105313629165
-0.46675547241058
-1.17590669320901
-1.03232963428338
2.17850256873524
0.31988333394328
-0.54345925000002
-0.32134209178418
-1.22673870742988
0.0206087335337918
-0.606793399287655
-0.320562614385707
0.708560911150867
-1.60269626179945
-1.39624845171453
-1.71052689304843
-0.64184981193412
-2.22720098991715
0.0365912825484798
-1.46736458574611
-0.740918133625742
2.01289333451106
0.312733262339479
-1.01149769834546
-0.417752715309356
0.960650999280966
0.798252566173717
-0.676236844526077
0.90842442131751
-0.82569925894008
-0.0926341973034449
-1.06119466535066
-0.223272084525688
-0.301408798008215
-0.19901858148663
-0.909257184938328
-0.190140675690551
-0.0272117921750165
-0.0814834960294805
-0.082174927757477
1.9878042795392
-0.164505614429271
0.0270544456386281
1.23046781044929
0.973816942818035
1.52479128095543
1.52254206001394
-0.283684667992479
-1.30053580901434
-0.0693289443336625
-0.489408866403396
1.55862342762362
0.370417665708792
-0.859243516738202
1.95767118379664
-0.183176046133075
-0.800358789825492
-0.922640046898061
0.864281121841778
-1.81756739377293
0.718810598576154
0.0890315934583281
0.630438357196093
1.26100771599665
-0.302099703227131
0.882756857719772
0.40536235356431
-1.82308175451883
-0.321888555759099
1.75852640221785
-0.650202648092787
-0.867913386211312
-0.557810376217822
0.865375241010403
-0.130380184868235
-0.39876537664765
-0.590127239647192
-1.03216754717058
0.622027408667118
0.404264859042592
-0.25114418879014
0.555313116199673
0.0374124458483111
-0.132734712722048
-0.80883745487331
1.35281652649722
0.252672746543114
0.251541626164651
-0.0120354753124523
1.27305225856541
-0.344251361819126
-1.06676628424762
0.546701027106737
0.278329986919562
1.38832387583473
0.806789365017381
1.04889664317197
-0.035147548102936
-0.563398342472849
0.0725613360900971
0.735184323267437
1.75660420183681
1.18365557363618
1.89514607822064
-0.51419692837983
1.57415246735923
0.802850338353346
0.345910577778248
-0.737117030378858
1.34655443960027
0.729608994794239
-1.00504839777287
-0.928746322634258
-0.456472663854407
0
0
0
0
0
0
0
0
0
0
0
0
0
0
0
0
0
0
0
0
0
0
0
0
0
0
0
0
0
0
0
0
0
0
0
0
0
0
0
0
0
0
0
0
0
0
0
0
0
0
0
0
0
0
0
0
0
0
0
0
0
0
0
0
0
0
0
0
0
0
0
0
0
0
0
0
0
0
0
0
0
0
0
0
0
0
0
0
0
0
0
0
0
0
0
0
0
0
0
0
0
0
0
0
0
0
0
0
0
0
0
0
0
0
0
0
0
0
0
0
0
0
0
0
0
0
0
0
0
0
0
0
0
0
0
0
0
0
0
0
0
0
0
0
0
0
0
0
0
0
0
0
0
0
0
0
