-0.520573570992962
-0.363063520887857
-1.01100073988321
-0.219288317485488
-0.172843439007978
-0.0337086655125776
-0.12091072242504
2.18786670197846
2.63690223353857
-1.5143584170829
-0.584519726341068
-1.12670440125344
-0.0212101934538218
-0.597245740860104
-0.339565729821391
-0.261610877379181
0.982250525968123
-0.359678370326999
1.17064066116452
-0.353575060423721
0.473788499191459
-0.170575166106711
-0.31941974246808
-0.528073581166445
-0.149751534752925
-0.376409743445969
-0.0067796076420853
-0.143615098590985
-0.0428349252798285
0.433343899824838
0.233520011116481
1.70326881513671
-0.0572245075547121
1.96055240094432
0.00853508864360677
1.24228622132939
0.285475221367086
0.956342597902213
0.543761744505458
0.513672432915717
-0.926090276191007
-1.26931715968802
-1.02242191835229
-1.55989498652099
0.121503073691129
1.20716586569581
0.20863412831291
1.19494382875008
0.983762619788483
0.593235639387412
-1.65305655076182
-0.603638200446391
-1.12875198372895
-0.0839900567281347
-0.241933836090258
-0.284664097999188
0.151486996099097
0.0178489841732918
-1.69443791972483
-1.09883057922493
1.21739235528079
0.754678450298809
0.89816872443357
-0.421996562769917
-1.17754533260822
-0.380795977854254
-1.02333642990869
-0.711838725976635
-1.200829651271
1.9785346985976
1.56496528099504
1.02077987949378
-0.946974665471786
0.322676608394856
-0.291253376774903
0.424122604647073
0.13671607837402
0.341801011914481
0.288409901389178
0.202070883810899
0.162947522171698
0.0816212308973776
-1.35674650217472
0.470157543322131
-0.450003167901132
-0.37359701513962
-0.512688526011331
-0.240256012172119
0.0279770630278391
0.234880610598952
1.05539067765259
1.4765758924416
1.57751738003773
0.998214592643824
2.36384115198259
2.17070422757602
0.778614587622779
-1.89127948521235
-0.568765392168658
-0.569250567843546
-0.474002188682871
-0.617842661590859
-0.379146545958811
-0.503146497572468
-0.877258015889853
-0.50169388553303
-0.797355336717117
-0.768322849090245
-0.463604504596681
0.124135155550658
-1.15447277048228
-0.0431005367270569
-0.919835296552676
-0.282322129554932
-1.77201263004711
-0.39249559789772
-0.978994325412116
-1.16805694017986
-0.620657698559699
-0.483268556166862
-1.46635243156891
1.57624753699307
2.28773298894149
0.658166200993846
-0.128145550192995
0.535616714116502
2.32379530083359
2.02403919446371
2.50453226552545
2.38303224343807
3.00040709850142
-0.362171304777185
-0.821640061372219
-0.324756278217143
-0.903006373184716
-0.208845875974233
-0.289895431629204
-0.665902493815153
-0.271890507798725
-0.378957844813034
-0.15598856040755
-0.379667132166618
-0.300439996693164
-0.211938438164927
-0.353953470095215
-0.199456562258871
-0.251111157736477
-0.162675036167061
-0.477718321210757
-1.18230683345497
-0.943797233537021
-1.06031962907859
0
0
0
0
0
0
0
0
0
0
0
0
0
0
0
0
0
0
0
0
0
0
0
0
0
0
0
0
0
0
0
0
0
0
0
0
0
0
0
0
0
0
0
0
0
0
0
0
0
0
0
0
0
0
0
0
0
0
0
0
0
0
0
0
0
0
0
0
0
0
0
0
0
0
0
0
0
0
0
0
0
0
0
0
0
0
0
0
0
0
0
0
0
0
0
0
0
0
0
0
0
0
0
0
0
0
0
0
0
0
0
0
0
0
0
0
0
0
0
0
0
0
0
0
0
0
0
0
0
0
0
0
0
0
0
0
0
0
0
0
0
0
0
0
0
0
0
0
0
0
0
0
0
0
0
0
