-0.759440205876677
-0.623702862189219
-0.473950155310008
-0.450262894276819
-0.442032442433562
0.0363446520458623
-0.221888702220062
2.23751047960266
2.43309810874761
-1.19848738785106
-0.840203040788576
-0.895804387142254
-0.282973724565569
-0.649392395026387
-0.680960220772021
-0.290717772934826
0.975565788862159
-0.513614200199765
1.31432028817556
-0.508633393703773
0.570019984113928
-0.245857637356595
-0.390495945841137
-0.39138115101391
-0.383328075679265
-0.289856753683264
-0.396015085349876
-0.429561425311774
-0.443077613415702
0.251070214542709
-0.29345232813192
1.67265495354489
-0.128388876392329
1.83129656863376
0.037960421351974
1.45191419021848
0.296906624930256
1.21204423143064
0.762751993392037
0.817433180275607
-0.436690658887698
-0.509628916751186
-0.605417281788252
-1.1224374338418
-0.0712121245900306
0.883224619463095
0.246784006066357
0.803349291175895
0.752010948383854
0.278780090187226
-1.09968745322571
-0.0060175061116275
-0.469919017372038
-0.192070542665456
-0.609575360737448
-0.417602930634987
-0.169816442132256
-0.0951267972302989
-1.14304997861398
-0.781221455645469
1.41423524653089
0.994437514571986
1.10097588957489
-0.483239443551313
-1.23754803466143
-0.319065586913118
-0.724889755343652
-0.789299723259327
-1.23696124329549
1.79102110218254
1.40781105010952
1.09454748769251
-0.942431557697194
0.375301205218883
-0.195056278777243
0.518418986697912
0.285505809773826
0.49765954020675
0.422604387489596
0.050390404088887
0.250225157266194
-0.240181491586587
-1.27447863481366
0.556510227009917
-0.486962976688375
-0.458707523348292
-0.822073196050327
-0.170432591069242
-0.109546427876386
0.334997646220501
1.12479156589334
1.43279833912108
1.90810788127994
0.894313073772326
2.55834230151345
2.09887981519427
0.645605448243749
-1.13568839692991
-0.680556338466521
-0.509697395953351
-0.633919557607018
-0.344455367176741
-0.437636520430945
-0.325016465195105
-1.00410837029437
-0.395730624859178
-0.904984377073972
-0.748924736481704
0.00481771026146088
0.196384654381598
-0.646568115982883
-0.240354766309768
-0.868194900134564
-0.198398847605159
-1.71860385584945
-0.571080831207334
-1.2750248765721
-1.28459521134604
-0.952232766867082
-0.798973529186962
-1.68080199972185
1.57485877400274
2.2557837709969
0.782888715899336
-0.0620736173754473
0.723436367815233
2.47645862913918
2.08513365575321
2.7849244754243
2.64496907160202
3.0434994467535
-0.601076651411313
-0.895545836842718
-0.50724507045993
-1.07217373599132
-0.400479282196092
-0.511841597477558
-0.77886035954586
-0.312640012957587
-0.408229275670299
-0.20512953641882
-0.463133676678286
-0.458779268437011
-0.363001078617115
-0.439456576928785
0.154826200197681
-0.246080204760153
-0.448598959342873
-0.791391439976993
-0.781951197959015
-1.34264775919573
-1.46079215490355
0
0
0
0
0
0
0
0
0
0
0
0
0
0
0
0
0
0
0
0
0
0
0
0
0
0
0
0
0
0
0
0
0
0
0
0
0
0
0
0
0
0
0
0
0
0
0
0
0
0
0
0
0
0
0
0
0
0
0
0
0
0
0
0
0
0
0
0
0
0
0
0
0
0
0
0
0
0
0
0
0
0
0
0
0
0
0
0
0
0
0
0
0
0
0
0
0
0
0
0
0
0
0
0
0
0
0
0
0
0
0
0
0
0
0
0
0
0
0
0
0
0
0
0
0
0
0
0
0
0
0
0
0
0
0
0
0
0
0
0
0
0
0
0
0
0
0
0
0
0
0
0
0
0
0
0
