1.47716450014618
0.051063702873217
-0.349304399434281
0.914316534026102
-0.481486279527012
0.190457853921228
0.245909363850533
-0.153484436310123
0.259388178532678
1.55807416728572
0.530212509316716
-0.984842053509064
0.796299003465282
0.439355911723959
1.43045247736485
-0.842518536238776
0.0378847030150845
-0.741758354146564
1.23440774621969
-1.13977535865714
-1.70534184155307
1.26051235616671
1.06777702999958
2.74128490139066
0.923824178868117
-0.278954025075092
0.261486917207488
-0.196555672433283
-0.515548281815462
-1.97458711932971
0.561495688542502
-0.36792216785079
0.103715504959785
-0.371926462938672
-0.120562530467643
0.559771157743252
0.55376356525829
0.356785868678839
-0.0881939128462019
1.32544316212128
-0.0908131853870822
-0.489949933466814
0.15116366007445
-0.338140158658749
1.07216207222509
-0.120683399301285
0.122049943913404
0.408474782442568
0.433926411256424
0.265746816996915
-0.461422257908116
-1.01933262659184
1.4856128768803
0.00263139828053335
-0.506039447951185
0.0926435756808802
1.42651290643126
-0.578063770489059
1.51166843078233
-2.6762332104018
-1.2151277160971
-0.974753123663453
0.274697944339805
-1.07670305876359
0.37393020779246
1.43959767840109
-1.96645874908019
0.334454517476678
1.63033157240682
0.420411651311151
0.680368765406016
-1.04548147407351
0.155383585958332
0.101315893507789
-0.416548137839265
-1.22996632012107
-1.82838269299583
-0.764225760179582
-0.348787528538801
-1.52151453842848
0.591849695865668
1.42457749248945
-1.29999477662074
-0.476734673629151
0.806744954909232
-0.101268059283089
0.477773488000036
1.13365744513302
-0.229708376890015
-1.0159108406624
0.302141931985669
-0.371777583118427
-0.220663543856977
0.427152927016526
0.783373422789902
0.352594974901873
0.263783259580894
-1.35490538253791
-1.61389727362207
1.50230261131467
1.79258967264578
-0.180462242043876
0.28543221981222
-0.263272577339373
-2.15399812488323
-1.34384486464489
-0.0171407229793481
1.91050686437856
-0.121941603918485
-0.809461519128883
-1.11700654738565
1.27262513057641
-0.0511106019921443
-0.808204971556574
0.253937431010272
-0.073150686659718
0.600413911908361
0.966662055429394
0.668593802567846
0.0810963439063217
-1.26355484194375
-0.544477451433315
-0.901088355084651
0.91571487055139
-1.01974522570641
-1.23871144787619
1.55777412304808
-2.43656722019449
-0.918090697870539
-0.971754461906487
-0.921862671991559
-0.292706533845694
0.910763257793297
1.54974776439594
-1.02032649836709
-1.22982365004152
-0.927309337236724
-1.11428594613776
0.951744017615422
0.44881470506098
0.871398857741719
2.6165107761803
-0.442808851792941
0.415989815458705
-0.630444541052124
-0.10198102535579
0.575130907244468
-0.182745090660716
1.7654158208741
0.782866718219464
-0.551991398318846
-1.20749420300876
0
0
0
0
0
0
0
0
0
0
0
0
0
0
0
0
0
0
0
0
0
0
0
0
0
0
0
0
0
0
0
0
0
0
0
0
0
0
0
0
0
0
0
0
0
0
0
0
0
0
0
0
0
0
0
0
0
0
0
0
0
0
0
0
0
0
0
0
0
0
0
0
0
0
0
0
0
0
0
0
0
0
0
0
0
0
0
0
0
0
0
0
0
0
0
0
0
0
0
0
0
0
0
0
0
0
0
0
0
0
0
0
0
0
0
0
0
0
0
0
0
0
0
0
0
0
0
0
0
0
0
0
0
0
0
0
0
0
0
0
0
0
0
0
0
0
0
0
0
0
0
0
0
0
0
0
