-0.047410687747511
-0.490865469122156
1.08271424812256
-0.0445776715165191
-1.0570834256347
0.234794653959841
0.440710057809389
-0.127991561803788
-1.24562798887045
0.912095807245358
1.31148268161431
1.55843687015837
1.49268960377225
0.783580000396394
2.39283124308052
-0.0761211225656767
-1.90829174984168
0.706034261816588
-1.1855758893519
0.181632755343159
1.37093806763254
0.868109280655134
-1.01043415022411
1.14566102761761
-2.041213107401
0.322863422377589
-0.563695947310712
-2.23821333160949
-0.0798015735188705
-1.79309108695563
-2.20589469376353
-0.4774937747707
-0.352355013951051
-0.60649721194723
-1.20540310060268
1.47116323374891
-0.159576253955708
-0.699513415350455
-1.16085500755465
1.65418171664881
0.328816400521106
0.0565013077548055
0.871295800007144
0.248568363125125
1.16672384976122
-0.721204268883309
-0.851909762210593
-1.43862259513033
-0.681564151507015
0.595815582836841
0.624474736808844
0.296358513789134
-0.0551676819478321
-0.0947682875233493
0.69245797743577
0.0856165890221899
1.21775285277919
-1.04526305188941
0.699895386371528
0.143674689012216
-0.17999486396374
-0.795821141504247
-0.549916964905819
-0.513120845326983
1.25856899855465
0.227998120466347
1.01147470821777
-1.17421670938992
0.983120207408941
-1.82535742178813
-0.836525182185137
-0.653817773348574
-0.578627098224514
-0.69371848765855
-0.347546032153423
-1.12064492316612
0.111237929440033
-0.302646474783821
-0.834225797370484
1.50831578565953
-1.70562088633367
-1.01866556138327
0.643205023846293
-1.51119220633371
-0.0464251791652374
-0.475713168682283
0.424842724266678
0.294245428398243
0.450844511000591
-1.39880534950988
-0.792328186225085
-0.816691755076729
-1.27519976553787
0.207879592977368
-2.22418022864466
-1.93561490212457
0.369714158294919
-0.19563827833994
1.50243049922033
0.272741157369257
-0.112235502350232
0.578484293793328
0.587552358823123
1.02650084184892
1.31623436852053
2.28377903253635
1.37326260147249
1.13160305536383
0.304371910344287
-0.616593814968112
0.679655293331534
-1.18044957119558
-0.127722223235334
1.00225385623829
0.70376376694561
-0.679965135774857
-0.172322059654403
-0.0068838900626807
0.376317101346188
-0.0193418120769689
-0.105745423479022
-0.487263782078883
0.357320772705701
0.627390198622846
1.5410633208241
-0.677150755565338
-0.317180735155722
-0.770674750576685
-0.131210268362218
-1.5742875019338
-0.324798841147595
-1.25690946062553
-0.251887872313248
0.678202900171498
1.1698167871581
0.644642073834179
0.375786766779644
0.80886005793089
-0.366405982101649
2.13260909547899
-0.0837017928360546
1.22708168387045
0.790773551194942
0.559702642935769
-0.170587042958937
-0.573496543562077
0.313559452694122
-1.12278075012565
1.09795547452933
-1.01373905544066
1.56257193370037
2.13606776582885
0
0
0
0
0
0
0
0
0
0
0
0
0
0
0
0
0
0
0
0
0
0
0
0
0
0
0
0
0
0
0
0
0
0
0
0
0
0
0
0
0
0
0
0
0
0
0
0
0
0
0
0
0
0
0
0
0
0
0
0
0
0
0
0
0
0
0
0
0
0
0
0
0
0
0
0
0
0
0
0
0
0
0
0
0
0
0
0
0
0
0
0
0
0
0
0
0
0
0
0
0
0
0
0
0
0
0
0
0
0
0
0
0
0
0
0
0
0
0
0
0
0
0
0
0
0
0
0
0
0
0
0
0
0
0
0
0
0
0
0
0
0
0
0
0
0
0
0
0
0
0
0
0
0
0
0
