-1.48840627566122
-1.13262789698658
1.98068844539507
-0.653752832595483
-0.251509825976853
-0.46447315282876
-0.584722298318394
1.53877255295724
1.91992255233019
1.51881692909799
0.343669102696532
1.17238782910268
-1.36332495741739
0.211197841143476
-1.34069332017532
-0.203652769204521
-1.3792260059792
-0.288744837286206
-0.683370902342626
0.606413859381211
-0.769453256217697
-0.460661054675088
-1.12033976613392
0.697630070365382
-1.8413095087351
0.0715023180214249
-1.91520180497736
-0.510683918008074
-1.34284425903777
0.20132248006999
-1.90891663127354
-0.757050925256309
-0.800639087229369
0.0611282274595049
1.13527832367299
0.0639828413182523
-0.838355542323199
-0.198139512462879
-0.321113946722264
0.670048944996854
0.585491272678195
0.349579005540547
0.587469212392283
0.159691769354644
-0.01292170751892
0.558982098559175
0.110887725699821
0.617063789009908
-0.657105241233086
0.509601492355327
0.531034007188877
1.04842435009106
0.851374610817349
-0.670591342274023
-0.802313960553857
-0.755252862379826
-2.64802235861067
-1.53270340785063
2.73140268120481
3.1630187364391
0.724442968324725
0.397999481377993
0.171881993176687
-0.238244347190709
-0.0972250256559466
-0.703031942422874
0.581072853125466
0.458626714229206
0.577966976282603
0.881591209271964
-0.0537484871330652
1.10878750784862
-0.0475274220221397
1.40801961856362
0.434809599839122
1.22194318051701
0.55983409459902
0.519758564179009
0.0954272947676662
-0.0389137472812405
0.429109855532301
0.539023148809142
-0.165857272385619
-0.65229421052143
-1.43028296242848
-0.597819235178816
-0.148961497913138
-0.405775313701982
0.579349191076403
0.595554969039198
0.807856385310498
0.841014889065476
1.13184353420236
0.150511289424923
0.284949210003727
0.489347780131035
-0.431840871674772
1.26292528940835
0.929383648648012
1.35046965270941
-0.190048763074305
0.487074174715214
0.397912310350219
0.756001228228921
0.572374503969187
0.253738403542294
1.14979151478311
0.823389685387612
0.752476351836221
-0.642215733589506
0.662007124584625
-1.06808349326757
-0.0557992924021601
0.532373878264148
0.640506637085581
-0.663064516308394
-0.15930245294708
1.09357855108837
-0.580386787417202
-0.909104278344995
0.606585801463746
1.50225308870033
0.375992162415548
0.945176333729754
0.470719630112512
0.536611987676482
-0.0288282109010634
1.01537658957915
0.170722346348949
0.512027461593937
0.908823330198635
-1.6711813704095
-0.0472066968831607
-2.33951642520508
-1.36795041519101
-2.17230128874245
-1.87435680710299
-1.03845056630371
0.12959742817923
-0.253357565583961
-1.33188993393566
-1.67903070955442
-1.52557818186818
-2.8181660754979
-1.6423692710043
0.821598247787644
0.170900107750783
-0.550947521588698
0.0728515998756386
0.0843294576790492
0.362445455043128
-0.0187354998938603
0
0
0
0
0
0
0
0
0
0
0
0
0
0
0
0
0
0
0
0
0
0
0
0
0
0
0
0
0
0
0
0
0
0
0
0
0
0
0
0
0
0
0
0
0
0
0
0
0
0
0
0
0
0
0
0
0
0
0
0
0
0
0
0
0
0
0
0
0
0
0
0
0
0
0
0
0
0
0
0
0
0
0
0
0
0
0
0
0
0
0
0
0
0
0
0
0
0
0
0
0
0
0
0
0
0
0
0
0
0
0
0
0
0
0
0
0
0
0
0
0
0
0
0
0
0
0
0
0
0
0
0
0
0
0
0
0
0
0
0
0
0
0
0
0
0
0
0
0
0
0
0
0
0
0
0
