-0.365349634253005
-0.00563730023569719
-0.412410172509545
-0.862679945555658
0.0951582887229385
-0.199348168296653
-0.565165353829533
1.75542221473822
2.38934866601662
-0.249447811280756
-0.188434960234833
-0.251885791329592
-0.765589450720685
-0.532817064553268
-0.588649904744533
0.0581365192426862
0.878277053157754
0.381658218409254
0.838584229627916
0.211159915301291
0.529331235383077
0.434951519381261
0.585128505763791
-0.259912944452646
-0.689105429291489
-0.269523395437034
-0.589964805282909
-0.457506685441311
-0.71191889572372
0.845843594855646
0.53941241573493
1.60765612651165
-1.20873428997725
1.68395200661634
-0.793066205761215
0.634642711504565
-1.13149389066214
0.41823267377672
-0.444041516719222
-0.571445045770149
-1.45846840841925
-1.07859996193284
-1.70018540136563
-1.96208212164152
0.344041441684958
0.537875428297858
0.584079401536003
0.44247936666963
0.779891830082436
-0.0905004089553934
-0.691214254163183
-0.564730524244697
-0.924222398277213
-0.333538295349166
-0.478131515569965
-0.397915529588835
-0.960811374429965
-0.613697402139841
-0.989389416442785
-0.563226741010405
1.16105389567059
0.0815529300699597
1.17853176283522
0.532114815921238
-0.00301856304233334
0.773086162785572
-1.73344574426857
-0.386559879284656
-1.46055431071569
1.7395063184809
1.49882157084543
1.87742035999253
-1.02297391059239
1.42807219664079
-0.183081062779735
0.699669979265891
0.517337433929978
0.691849504261453
0.505520737152496
0.0367304362222586
-0.263978616342781
1.08983969853194
-0.269536631587651
1.3009433199755
0.431321361699296
1.29747194497332
1.29883190967296
0.229543237756061
0.809992057452021
0.509872233592401
0.867404842082729
1.29621682915365
1.30909490619477
1.29372223827903
2.16264280204548
1.80381787313883
1.02176555910117
-0.415285967712737
0.362161972293279
0.039973681919638
-0.963344105728947
-0.264843666352836
-0.0829821244027742
0.339983799046669
-0.897352404006951
0.752505865635409
0.122141623455173
0.169113483267643
-0.16141888435237
0.771194851675977
-0.433707355048846
-0.033216493428063
-1.11508899971175
-0.407683705715155
-1.66504703623209
-0.604672137991275
-1.81387294878171
-1.13750965530612
-1.62493532920633
-1.28938577376839
-1.8411907050665
1.7061439095546
2.09703666657344
1.03448337666553
0.778134543432467
0.547314521943322
1.51585169297719
1.23682784903997
1.19981099459914
1.16032220622679
1.98787573072271
-0.977815103573665
-0.741429015905076
-0.410847480295783
-1.49473521993369
-1.00643978468375
-1.74803975314153
-1.59548109844334
0.166832599958353
-0.942396532045812
0.152032495580368
-0.665767513434211
0.210162242295232
-0.41706138446089
-0.0932014266002051
-0.369786413817402
0.349182296809228
-1.20720268463786
-1.42787116274429
-1.46749610390495
-1.50937021121786
-1.64762936855066
0
0
0
0
0
0
0
0
0
0
0
0
0
0
0
0
0
0
0
0
0
0
0
0
0
0
0
0
0
0
0
0
0
0
0
0
0
0
0
0
0
0
0
0
0
0
0
0
0
0
0
0
0
0
0
0
0
0
0
0
0
0
0
0
0
0
0
0
0
0
0
0
0
0
0
0
0
0
0
0
0
0
0
0
0
0
0
0
0
0
0
0
0
0
0
0
0
0
0
0
0
0
0
0
0
0
0
0
0
0
0
0
0
0
0
0
0
0
0
0
0
0
0
0
0
0
0
0
0
0
0
0
0
0
0
0
0
0
0
0
0
0
0
0
0
0
0
0
0
0
0
0
0
0
0
0
