-0.750380910196888
-0.357725522324809
0.00982908204599252
-1.07261850024963
-0.0975517125801816
-0.400337860613582
-0.748545516070626
2.06944167497692
2.6299512132883
0.598154868300258
-0.0825946698141311
0.258767065792197
-1.03384971197858
-0.385362260487305
-0.828664479676295
-0.0931956265641269
0.421508591255453
0.206534973386272
0.543510548657503
0.247115200457833
0.26685227709219
0.24426228326718
0.268267146420555
0.131983983214112
-1.06160933542204
-0.197497862983174
-0.984172519634928
-0.501969349162859
-0.937703031085811
0.732395622979164
-0.0899859530367403
1.17616420771632
-1.30777313727563
1.42851921265661
-0.533199578729585
0.5882701521144
-1.23333606553961
0.259511596818641
-0.477164103972569
-0.381653712071185
-0.992907163048477
-0.474702500321504
-1.21845193226394
-1.39394298050072
0.287012420657472
0.605694326977215
0.603497933116385
0.564893289402781
0.62078572347544
0.000309661955222328
-0.253195825092733
-0.231063720180734
-0.474746469466653
-0.449726789313209
-0.692428791712703
-0.491306286432863
-1.52973902546233
-0.947997255378392
-0.00450202597385598
0.533053482533968
1.41900865334409
0.168688977752186
1.21645934739674
0.294736843863277
-0.0848694621285584
0.433944437326409
-1.42312834090345
-0.422457525486027
-1.27983433995777
1.81757267720458
1.57729146570814
2.11513765452091
-0.885379225392628
1.73425934941209
-0.0896723545048982
0.940809202687218
0.563629045944974
0.613222509620444
0.425738654608392
-0.0573056145720483
-0.253379213054998
1.09331277884407
-0.273813324413415
0.994455684720385
0.0108960999837166
0.978690642455431
1.08477517694947
0.0418956677535529
0.84396800728882
0.589300475226277
1.05430742226217
1.42036779856521
1.58696234039368
1.23311732556411
2.1609360989251
1.91306227146279
0.844277976842512
-0.0401059704788572
0.42764816943858
0.14983626532445
-1.066791499945
-0.108311821502933
-0.089950840830475
0.394975261904337
-0.78906236260484
0.685230272349086
0.26919785194363
0.235536821650481
0.000510643614706252
0.646849734253839
-0.290331093485145
-0.247650279849268
-1.09321001026786
-0.263622110522096
-1.45013226490977
-0.655398936246445
-1.77980247274564
-0.894477730161292
-1.69218038743367
-1.37271053814425
-1.67590274039099
1.96676006806463
1.99203513349591
1.02757584840675
0.636967074725357
0.47055209221173
1.40472900490402
1.3702424901527
1.1415300576361
1.23640787518096
2.17229789448897
-1.28691889555399
-0.548470736797844
-0.951776928547057
-1.67548190167047
-1.46268744326508
-2.03769961524233
-1.71261560313772
0.00285692742890127
-1.08371634423896
-0.229063693109946
-1.06216060280404
-0.214674599588481
-1.03621419341474
-0.545341304737667
-0.0884910095022737
0.45613963212063
-1.28059014572477
-1.33788640440826
-0.871187143581659
-1.24442899647585
-1.49450203812905
0
0
0
0
0
0
0
0
0
0
0
0
0
0
0
0
0
0
0
0
0
0
0
0
0
0
0
0
0
0
0
0
0
0
0
0
0
0
0
0
0
0
0
0
0
0
0
0
0
0
0
0
0
0
0
0
0
0
0
0
0
0
0
0
0
0
0
0
0
0
0
0
0
0
0
0
0
0
0
0
0
0
0
0
0
0
0
0
0
0
0
0
0
0
0
0
0
0
0
0
0
0
0
0
0
0
0
0
0
0
0
0
0
0
0
0
0
0
0
0
0
0
0
0
0
0
0
0
0
0
0
0
0
0
0
0
0
0
0
0
0
0
0
0
0
0
0
0
0
0
0
0
0
0
0
0
