0.821101025867349
1.27038723126891
-0.84749845392329
-1.34297447130234
-0.0640571872609591
1.30441364535012
2.523956707069
-1.01118142248749
-0.276016086145194
-1.32089950147048
-0.195285503189239
-1.0050368458055
1.75543434102818
0.323421010430447
0.958265976189368
0.555203608928802
0.635506395552461
-0.488779017271406
-0.581215977988021
0.318422669670835
0.151711965757269
-0.883256284447702
1.12690191431022
0.817841881904971
0.725263987996669
-0.10908587856529
1.4199114939865
0.45068031761265
-0.591856923585618
0.600887523701814
1.09116891451492
-0.00238159783669933
0.000773210239061718
-0.919963889011441
0.712562338421099
0.872868972312285
-1.5269222472235
0.617185301202891
-1.34865132331692
1.35426967421858
-2.73589209439958
0.45379395293564
-0.0756626781542106
1.50491444491906
-1.74775618591655
0.212445092645966
0.314986846815065
0.407131253510855
-0.748184170577951
0.489403951248029
0.700738326162259
-0.457955136828454
-1.47280483227878
0.0840967779118033
-1.77230519472537
-0.894058742820834
-0.0820769313844672
-0.244923893728226
2.50241002875384
-0.0613641049379605
0.670429232034764
0.600283063582343
0.894808353946831
0.907548148453784
-0.399397990968987
-1.90658451167955
1.21286976789484
1.0044386668247
-0.205209821418826
-0.108039998000923
-0.479878343992123
0.732408160356273
-0.346241032817804
0.74924994507984
-1.07299747712184
-0.191625024498194
-0.0109870663752356
0.498124115071965
-0.811504547188048
-0.147879113811102
-0.214439000346186
-0.822539972205204
0.425672749752255
0.726918521218178
1.38155106167814
0.281117656654302
1.43266038088405
-0.304882793308553
-0.61981694295874
-0.588250726615477
-1.6030546347823
1.23939073903019
-0.803620589429366
0.00941338247190084
-1.10977541374633
-0.619240378331577
-1.94463481332827
-0.423502364925168
-0.774019085678886
-1.47907590345088
0.616945633253903
-0.856970446364369
-0.537906867034113
-0.814727690621428
0.355880348029798
-0.476058371973191
-1.41391037238444
-0.194267453890056
-0.980338218387239
1.47628506644554
-0.502814454865139
0.700309940764368
1.34658855633175
0.246005635748826
0.344070693190875
0.450527423680559
-0.593604058974077
-1.46581799485665
-1.78914008010501
-2.04944509028888
0.965352648486289
1.15983827081086
-0.102184936938832
1.36689065598965
-1.53044584105924
-0.395905198750107
-0.141386321012125
0.556137402684172
-0.268639502614843
1.03878098680111
-0.0290073805394444
1.4072580571393
-0.696990624431638
1.15708029318363
-1.48414756709536
1.05265777436334
0.877854531549666
0.19528249271619
0.963126088068486
-0.0824527054874234
-1.33088104470088
1.3762550974622
0.18689315318413
-0.998542333804675
-0.837006521362894
-1.46442970036428
-0.744070976081812
1.60128994411692
1.0615001510947
1.49896321176496
0.943558685665271
-1.2139415923466
0
0
0
0
0
0
0
0
0
0
0
0
0
0
0
0
0
0
0
0
0
0
0
0
0
0
0
0
0
0
0
0
0
0
0
0
0
0
0
0
0
0
0
0
0
0
0
0
0
0
0
0
0
0
0
0
0
0
0
0
0
0
0
0
0
0
0
0
0
0
0
0
0
0
0
0
0
0
0
0
0
0
0
0
0
0
0
0
0
0
0
0
0
0
0
0
0
0
0
0
0
0
0
0
0
0
0
0
0
0
0
0
0
0
0
0
0
0
0
0
0
0
0
0
0
0
0
0
0
0
0
0
0
0
0
0
0
0
0
0
0
0
0
0
0
0
0
0
0
0
0
0
0
0
0
0
