-0.923786584717044
-0.969769948351005
0.0596735198684829
0.861275926625074
-0.674272915984879
-1.04644802277842
-0.0781549359592565
1.98767286383455
-0.852362918521319
0.17585252108127
0.809083287409164
0.0716617785874319
0.0433260501149066
0.255693789766775
1.1461737400764
-0.378178234176366
-1.01479280532046
0.269007099735294
-0.490210839815656
-0.752452231074687
1.57170468641105
0.862213749036864
-2.02510714003309
1.07401619131554
-1.16320947446097
-1.6232688767013
-1.20560306039613
-0.75521210825267
0.690662853373475
0.351814054194699
-2.54962427620722
1.8418265644537
1.13148257378821
-1.21213241348912
-1.29209013808612
0.168892090262814
0.412486299413802
-2.07003831924921
-0.592777379537923
0.885492542209076
-0.877075999100618
0.0959768577452457
1.31328558690552
-1.08351138098693
0.985119050303413
-0.389385030886786
-0.787858672242527
0.162753570038144
-0.487573017219092
-0.521811650304423
-0.127505447297563
-0.420295696243425
-0.746244839121271
0.400977683139871
-0.376208139692114
-1.20438177418844
0.0582428633097909
-1.75703956684526
0.177661555179367
-0.720007369416216
0.369888750100413
0.222588715968451
0.00536515785379825
-0.144554987918288
0.668825695475768
-1.63806811799366
-0.0374695178806885
-0.905411084501729
2.99025411515581
-1.39587542265653
-0.731630384948744
0.155809939798494
-0.312413722349892
0.3359412827613
-0.721792959543538
-0.0451367090243596
-0.323864025976779
-0.480322725796398
-0.702454150154252
0.952713650893477
-0.644177603062241
-1.35691521236046
-0.400734898623971
-0.189902284113231
0.162143477220566
-1.10208847227579
1.03128643056069
-0.205754982207977
-0.682229598709253
-0.421975210878419
1.31918970121041
0.00136732444189288
0.305329798047769
-0.015517315276221
-0.138231829290692
0.161644060106046
-1.4724005461806
0.280253429489413
-0.976131325104972
0.499999385137982
1.17213794674844
0.640493524945025
-0.125071812537494
-0.26327770802045
1.4776328939676
-0.103209494144564
0.74377692597882
0.576355953046012
1.66873936996421
0.386352504308657
0.532748961505204
-0.277725728105326
0.0261520738221814
0.506356606699547
2.13561116420133
-1.55454235774164
0.296998370522659
1.81573228010144
-0.152400571835468
1.48286428500068
-0.558601583622962
-0.421097538556357
-0.876264391224666
1.36676816678178
0.663520516457045
-0.521016718484235
-0.380806676360828
0.197833419923728
-0.207387392427069
-1.73427643049309
1.34398217665055
-1.26475759464822
-0.235628364815166
1.37165096164802
0.980157481111303
-0.622474364174567
-0.216039482688968
-0.153116055522852
-0.762999689219692
1.64732375357824
0.410442456178435
-0.529501809186191
1.77280690120987
1.72601336189325
-1.43361534066962
0.434965332504681
-0.381192917876057
-0.177964032359567
1.14266070433208
0.576953653544638
1.35879289957981
3.38395743959381
0
0
0
0
0
0
0
0
0
0
0
0
0
0
0
0
0
0
0
0
0
0
0
0
0
0
0
0
0
0
0
0
0
0
0
0
0
0
0
0
0
0
0
0
0
0
0
0
0
0
0
0
0
0
0
0
0
0
0
0
0
0
0
0
0
0
0
0
0
0
0
0
0
0
0
0
0
0
0
0
0
0
0
0
0
0
0
0
0
0
0
0
0
0
0
0
0
0
0
0
0
0
0
0
0
0
0
0
0
0
0
0
0
0
0
0
0
0
0
0
0
0
0
0
0
0
0
0
0
0
0
0
0
0
0
0
0
0
0
0
0
0
0
0
0
0
0
0
0
0
0
0
0
0
0
0
