-0.713385854264363
-0.0366970905958589
0.0629469642196192
-0.648382731301003
0.431852496666781
0.714879192611802
-0.833099093896985
-0.616087256792099
-0.714874903958004
-0.462713464788902
1.03394469220997
0.14698559908346
-1.61138322028365
-0.469326093085206
-0.232968623372207
-0.340031052106978
-0.567765246536503
1.61830028967093
-0.458068208589428
-0.593878336201675
-0.679253183729531
0.337369410361065
-0.520107044655557
-0.708900944620709
-0.720980903467803
0.37283136778541
-0.00649890982363605
-0.454588708018648
-0.0325231111070093
1.04885059421462
0.430657912704477
-0.958904483264079
0.0290866004430214
-0.277353738223637
0.523130783468029
-1.33190001879678
-0.505896955137132
-1.38574605606115
1.21630093281596
1.30033861972005
-1.33755435124851
-0.899030813680451
1.39019598932644
-0.0964840410214214
-0.956892388156849
0.984217018020898
0.363330474542365
0.93900185013551
0.6545509032365
-1.18441816369999
-0.482827277539076
2.81382912145848
-0.164160172038711
-0.313174854924421
1.4784064595818
1.50128454026178
-1.32483942473965
-1.39329118995723
-1.04341978685903
0.473365988250796
0.235743523884162
1.26121133013753
0.403613230160701
1.29803126937983
-0.130904438739824
-1.65173192911793
-0.608625615584602
-0.0314770232133873
0.431204210500666
1.06749989469276
-0.480589558424724
-0.259612150473191
0.323189948835946
0.493645920273273
-1.02321103731167
0.773706246085878
0.854473530589037
-0.556980013039526
-0.162473684236945
0.871270691296287
0.209738514061211
-2.09523015870023
-0.961293343494361
-0.790691473584104
1.18054239111929
1.16343357216926
-0.255431373387739
-0.316769387664581
0.771137170385106
0.292902764868451
0.996952915058828
-0.876375877512745
1.60258845020064
0.708379127568255
0.556546970829821
1.9824575086133
-0.662607886304618
-0.270491536661148
0.465701948784794
-2.08385495010675
0.0776536500259862
-0.390352837426236
-0.0375489126578627
-1.23192765275694
-0.811670800900841
-0.9633529712783
-1.18426304696044
-1.99033122470062
-0.801092872595956
0.942559568442712
-0.280533799170546
-0.241854416446379
1.78389039508229
0.33513036217368
0.502955509639547
3.1005822088538
-0.395480647433932
-2.78178841699369
0.291329906772803
-0.607657452458704
0.899215169250671
0.448284949686464
-0.600273981103154
-0.964924285123096
1.06254319209948
1.14670256673604
0.375024120492702
0.305424216774336
0.387550437843703
-0.473717877097091
0.0412647676072526
0.994468817457618
0.0263165143135807
1.73058202126776
-1.28127560920526
0.993142383584544
2.43707994539551
0.294209776196739
-0.171599719873886
0.0804037264330529
-1.74382086615339
-0.891587595554866
-0.957966670247249
0.756836270495864
0.958924660686418
1.38728784756189
-1.10408682533518
1.00823000680523
0.115924474180358
-0.805041677706237
-1.9842924233676
0.699055320504573
0
0
0
0
0
0
0
0
0
0
0
0
0
0
0
0
0
0
0
0
0
0
0
0
0
0
0
0
0
0
0
0
0
0
0
0
0
0
0
0
0
0
0
0
0
0
0
0
0
0
0
0
0
0
0
0
0
0
0
0
0
0
0
0
0
0
0
0
0
0
0
0
0
0
0
0
0
0
0
0
0
0
0
0
0
0
0
0
0
0
0
0
0
0
0
0
0
0
0
0
0
0
0
0
0
0
0
0
0
0
0
0
0
0
0
0
0
0
0
0
0
0
0
0
0
0
0
0
0
0
0
0
0
0
0
0
0
0
0
0
0
0
0
0
0
0
0
0
0
0
0
0
0
0
0
0
