0.0477006374513146
-0.52664253012171
-0.826487568166862
0.919449643205683
0.745326136817483
0.0599966046439954
-0.124972766026304
0.384959024730281
-0.420349249534199
0.859137533279926
1.00371683951624
-2.01991155808683
0.301568634778255
2.12386987695508
-1.34574705300378
1.12199182255047
-0.611165826182786
0.450169127637222
1.37582155178633
1.24143345103472
0.340296717096494
-1.71687264327327
0.0264957359521895
0.781371634123463
0.601870611436232
0.101870355245348
-0.901413975711445
1.0008301927793
0.662900761635019
0.365432433204001
1.44817704468232
0.902896603771789
0.166670357858852
-0.643552863529416
-1.0030623580303
0.768331126891316
1.15268395294239
0.259557288499128
0.805699462355546
-0.796113372660699
-0.272247023643651
0.823952884346767
-0.70351989439985
0.0358703726776494
-0.591758579824948
-0.591407725747446
1.25738063413457
0.223605102031527
0.391904249415147
0.652783230180035
-0.0210813420965254
-0.0472079895478968
-0.682183123124904
-1.60257095529859
0.589591457115179
0.574561213699285
-0.646836334125649
0.6923849325333
-1.98318104475415
1.1414993103056
1.76001374712806
-0.475841946337635
1.66579138497228
2.07488755529324
-0.19926466320443
0.15878037356181
-0.412254364126617
0.625956695288485
0.992895923526544
-0.0164405475558143
0.758786357142938
0.361996334172756
-1.03667262956653
-0.810991458202348
0.195979114348133
-1.21918321021687
-0.421130631469732
-0.409202602093086
0.11501928390287
1.12340321226315
-0.169979570907258
-0.584974009850845
0.841334601126851
0.144675328707032
0.364876644530089
1.0455445533666
1.27680687190129
-0.156567798335945
-0.920619672280128
1.40683259571333
0.675661898200781
-0.172991584607142
-0.352859030958251
-0.101133591967
-1.23226174082848
0.164491233734878
2.10565499627393
-2.65918627022357
-1.98606217242882
-0.0179929617575087
1.94603702846978
-1.22087679706259
-0.0121764366330112
1.3750191922128
-1.74222079664608
-0.340478850259929
-0.627521883302664
1.56766824436534
0.389612389600255
-0.761512157478972
-1.87959900159193
0.573618556852647
-1.12339666162531
0.385092956814554
0.224956015445022
-0.791826113534895
0.624769954918102
0.401113763820216
-0.121927953343156
-0.291821317329422
0.556533200240406
-0.512565720822422
-0.69417387417868
-1.06938358529637
0.119052216589723
-0.015160544629662
0.811696131553374
-1.25960831070851
-1.33902476073402
-0.307523515502949
1.30686682896005
-0.194091947474774
0.857554648227451
0.780956251088241
0.696585989525005
0.507784282643124
-1.22072465342025
0.461370847574942
0.36214936993272
-1.06192236148993
-0.311329817553804
-0.839595018490027
0.25613757111326
-2.21711003404811
0.985241519189425
1.32587581659209
0.99774487816209
1.69500714893328
1.48630251474444
0.880425980194261
-0.634548328971461
-0.959134255279622
-0.733821458004263
-0.459758786765036
-1.23524322443478
-0.781258129327603
-0.5619910185653
0.947713203988836
-2.48865720005161
-0.645116947174
1.91745881837884
2.1867885992221
-0.149114919041851
-0.953529136282823
1.89264621200869
-0.790776788876135
0.984636147341886
1.94101227841023
-1.67044566051684
0.520424856031525
-0.305608743750251
0.322193908815248
-0.00803724058445329
-0.844803595225855
-1.07900857068524
-1.56406461741727
0.383755309003111
-0.406734108108475
0.803353965473701
1.33611586095772
-0.374546195578065
-0.465679790570696
-1.59775913484807
-1.36546367222413
0.129051333841805
-1.40117405468202
-1.65173876093074
-1.03759794153254
2.88514694871324
-0.00256423631144174
-0.191991439469185
0.183241644584019
-1.4483611320511
-2.14501641636433
0.896828136192617
0.880731486639241
-0.0108416808447679
-0.461619958947225
1.8626972263434
-0.729438173267787
0.37454831497658
-0.226162302719336
0.350964047126756
-1.35654311458848
-0.720470911660963
-0.198898640385347
-0.167085525175764
1.3719715940298
-0.542478815048452
-0.724544420091449
0.882053387043586
-1.21815743958472
-1.40595911808605
1.00399890894928
0.55764650934196
-1.59847304918288
-0.421855835161343
1.56655811776805
1.33645765839874
-0.013944664818467
0.00123228009170339
-0.0258234413692517
1.23054304498033
-0.409059337133925
0.273665922240993
-0.526024280258958
-1.69345902488367
1.39628823339141
0.253953670208384
1.58343938030519
0.222354685994052
0.791046876873872
-0.659785756647539
0.217073755498083
-0.289797387645799
0.705461457317325
0.404010495321315
-0.953489305780113
-0.405754663797401
-0.361315813626915
-1.23860555813175
-0.82236782064222
-1.94200509989668
0.181225230384013
1.16427072607463
0.654911587620861
0.364603241638837
-0.275090648485531
0.077283739393774
0.896329345394533
0.901121048776339
-1.39379392257968
0.489071271544541
0.337925183690551
-1.30830289177297
2.38447956180569
0.402329056873732
-0.548831590959307
0.412292712568852
0.465488456078533
-0.0725932234508994
1.75189689117636
0.857285031808655
-0.629834574000332
-1.52504005949095
-1.7236028538309
-1.32780035989066
-1.2792213648745
-1.04407945669923
-0.434255975360391
-0.00749134937754944
-1.97036224624858
1.07916297915263
0.136635916739714
0.571605115630039
-1.09951825105895
0.425331183667133
1.18302750562958
-0.323811591039813
0.292685144212588
0.918069331565778
1.5193241166852
-0.84198732693039
-1.69213761152094
0.742976967676134
0.137115543878279
-0.142433666371086
0.00753936632259056
0.746830219318159
0.286786834257086
0.131758394791226
0.114005498414352
0.454649787963796
0.574417418573133
-1.47883688628031
-1.19286481992405
-0.239864685103141
1.43674178848671
0.236807227094869
-1.11964755350597
-1.74169568018379
-0.974576216104832
1.16275685129909
-0.653965043357508
-0.588641957972266
0.0602777748409078
-0.508494725669018
0.611348642963109
