-0.564846232560283
-0.59506814024455
-0.626892775630788
-0.128214684289972
-1.2373735365434
0.980795582999932
-0.241096360686571
1.76237783760759
1.06244628062744
0.558676404094943
-0.546302964953921
0.149997866728633
0.0896506376884243
1.22878495006177
1.60746039420597
0.758112607014779
0.167000708386923
0.450590368054674
-1.18244154181397
0.152886265502625
0.354133397266888
0.322795002506353
1.28718434674867
-0.899908518793145
-0.138577342946291
-0.51219093685977
0.223821955718931
-1.04008369906214
0.36498713466286
-1.2150619293728
-1.32990462381541
-0.0703595791472543
-1.34006422510163
-0.242087800385831
-0.222554076737873
-0.625813109223018
0.519132879948075
0.0680203110179404
-0.21472190071213
0.272561337935292
0.557394545372611
-0.0751362122786844
-0.698826712214069
0.823781374481151
0.443033458630596
-0.669258183078385
0.0713698015211968
-0.619541750157672
1.52932079001777
0.17369920143926
0.709100207218958
0.0303984212762478
-1.37985744007141
-1.55266422642245
1.22561225251961
-2.14632079072479
1.13169507186258
-1.83399730296623
-0.969436295235093
-0.941628634267735
-0.420053171662305
-0.710448402591879
-2.52220013126174
-0.272120678133466
-0.877522458646528
0.535100247486048
0.496151250684315
0.461898767210782
0.974549245402126
-0.120232483036921
0.382624577362581
1.99209307038442
0.191383855511279
0.0169710646286299
1.25564667194168
-0.925738133346789
-3.08159133823633
1.10452041621353
2.43210337487966
-0.134296806588645
-0.73611973811511
-1.32342987918597
0.403447323426042
0.524996490399473
0.674558843413038
-0.770176580662244
-0.325693259579123
0.439205923299196
-0.162520341566947
-0.136724881708836
2.60529014709205
-1.02186615158176
3.41201792739488
-0.203838795295387
0.922077625306356
-0.273088978148268
0.986087455813168
0.368649351817138
-0.479799066544417
-0.43050463877391
0.462091387944894
0.497891011189296
0.559885387915901
0.27526639090645
0.98606027286031
-0.558455041696249
0.111952155967584
-0.789193805552749
1.49003516836747
-1.55444872757678
-2.03692419785087
-0.261979483231446
0.78503224702694
-0.590997814947148
0.0364460310940582
-1.3309402742796
-2.16764041349952
1.02618102429127
-0.0802007875680596
-0.959395914954413
0.122391614599331
0.47731598522338
-1.48572942468835
-0.985566448445735
-0.220275521060992
-0.377607242939341
-0.400518965415441
-0.024268545210418
0.358468267106985
1.24428847080853
-1.0391255038038
-0.735974257171274
1.1137537257379
-0.0724352257683441
-0.0232937988565123
0.724575438654159
-0.217566272561172
-1.36079134986386
-1.47525660022397
0.872571888104141
-0.526570919279099
-0.64217031125893
0.615025619907264
-1.71170869943903
0.543120753669264
0.268243459570989
0.955382687471479
-0.338031907158739
-0.448756897859025
1.11814383565834
-1.05817208526886
-1.14008328168305
-0.224257368486615
0.448613234243906
0.181993671545315
0.544326479429338
-0.305985129491542
-0.767006709208942
0.516828046457326
0.515460107154416
0.208118228668344
0.222861633480973
-0.478046534552252
0.748169354288057
0.517622141976812
1.50352664420822
0.489946167154793
1.16976928272104
1.37453200044375
1.64876528024594
0.996349118524231
0.0140723720371725
-2.40386917394307
-1.00747248378617
0.0732627802014257
0.82023504771276
0.64903623114647
0.373072442791057
0.241173112827157
0.336251579899647
-0.734267344708186
0.922178580111099
-0.883399047101411
-2.43005978835932
-1.02403444044003
-1.06442934608103
1.64259394140943
-1.0439855513841
-1.1532062606248
0.186310620092942
0.778089071704453
1.28324916408199
-0.32370717730741
0.93714540089399
-0.730776426308506
-0.212726265932734
-2.01948314609034
-1.26830216142623
0.98066416774853
0.964430651985067
-0.745737000774028
0.422616322790042
1.12441246969081
0.653878164077724
-0.427191895167591
0.401163079693012
-1.09205503493559
1.7147302390241
-1.35150925081501
-0.700208608672511
0.342241763456576
-0.213965738508325
0.693922534197792
-1.29251195488497
-1.14227896899225
0.715812712195436
-3.04881179157025
-1.68152351755295
-0.482309586660729
-1.26584342801365
-0.00265851305323753
2.17364223790599
-0.787918832925479
-0.271222707565314
0.788920449042409
1.31069685380463
-1.08154266167669
-0.781090588446798
1.88993163733891
-0.760536290495736
0.697538785100489
1.05942844086985
-0.546647172721972
0.407706340667596
0.955997023961657
1.30339900187428
0.78780346649584
-0.053248006486193
-0.36361064352331
0.252688194407421
-0.973866437304909
-0.798989432724292
0.516039794950658
0.33685412892342
1.66885786350534
-0.529622294405455
-0.311202415172356
0.719974025511593
2.12680354115585
-0.590572201891203
1.08103437463522
-0.0623598131801287
0.8055486606767
1.19564835579589
0.238378113916489
-0.89514915857337
0.118988139430549
-0.0141017911233024
0.264776448395623
0.0842325170975197
-1.46236160229189
-0.326574454874591
0.705685195377708
0.147370857851792
1.38907391824148
-0.0319337354712399
-0.471701629770818
-0.0333556004674984
-0.109383765937635
-0.45064313219773
0.630333885680966
0.280202507954024
-0.877547483605883
-0.229138521240997
-0.971657447756367
0.28959154671159
1.53919467187463
-0.492552444956767
0.210633787748873
-0.747464584905506
1.92674249459475
-0.382506765230887
-1.59023543879095
-0.030001875463947
0.0847273588336732
-0.203763043648692
-1.87100420259054
-0.321675061036586
1.02310485679236
1.30458849831468
2.49411207414126
-0.102405740675322
1.01755729086423
0.276579961309596
0.517850024131117
1.52154001391867
-1.4479876154028
1.26843858530454
0.729178157963161
0.199799699746486
0.130227896404425
0.412333063142608
-1.05393817845254
1.03379751231547
0.123096588900248
-0.617667981645321
-2.48605632277035
-1.24125664844264
