0.0974442297261432
1.12868870194233
-0.498153336559911
-1.32291191901735
0.109486095428643
0.536126700629915
-0.194743035919909
0.58404669161798
-0.364034939439219
-0.912466088055714
-0.578552432727771
-0.686945598607881
-0.0698927716315157
0.018719755963831
-2.08634395143782
1.16421973982837
-0.543378313315352
0.53809873209366
2.73956846645223
0.69630288132279
-0.589777014656243
-2.23878243608722
0.996486144777529
0.364826935861582
1.09712057922533
-0.293185413800109
0.0210882770658616
-0.350948006372359
0.657867263405889
1.5216602665099
0.328161686938303
0.157843801622571
-0.230554601215699
2.27795257765638
-0.339036023485301
-0.489963876068559
0.0331976746619967
0.0302048473162701
-1.22193108383942
0.332375360879387
1.06077818165425
-1.08267679713864
0.154343796543503
-0.0752775382604887
0.543647007443043
-0.565788087146023
-1.05121958478213
-0.0396408308861022
-1.7813431077856
0.237948638011342
0.361524830427024
-0.310295524992885
-1.7541058415186
0.536156456062828
0.0485406043572628
0.930218861887266
1.57883316438767
-0.0346771543606883
0.71007874271057
0.0607946949687917
-0.167968479609528
1.55500003286963
-0.855369331946569
1.20283760015746
-0.0518500179637796
0.631521887133597
1.29058945675953
0.266277418698062
0.141602448055265
1.48212172922772
-0.474704154437591
0.725402622857121
-0.38285510957019
-0.891015073304235
-0.382129230826749
-1.52451269302734
1.19825274760374
0.215312361740591
0.298807893885854
-0.0593346966582134
0.169298335011483
-0.797114864505039
-1.14190286173003
1.70151731715781
-1.17303420087166
-1.15917147848668
0.860251576340601
0.596806409800382
-1.01011907434583
-1.31643437917675
-0.302951900228377
0.136265255717991
0.120173010603987
-0.468794991682933
0.320853650238275
0.952459496740484
-1.14323824350059
-0.920167888421506
0.997435748861943
-0.141989351693477
-0.223739470931325
0.849619593359543
0.522044887149662
-0.488600606154638
1.35353178968292
-0.84345927652235
-0.465501084466095
-1.20410303021017
-1.45439852942597
1.30971684962495
-0.849603826005608
-0.780707404781993
2.72738696826869
-1.28880591631624
-0.158986221572833
-0.110893563631527
-0.950130191877944
1.42645176428182
0.164080652417599
0.0626033198513063
-0.827883392733663
2.08531537479207
0.204509079872922
0.334587766035953
-0.157039472957079
-1.74260662595269
-0.788688183935012
1.73939161479835
0.695946538464322
0.0585643159111721
-2.24271903989934
0.8590493954967
0.372288357610898
-0.584489870688537
-2.5567723589647
-0.582746990402797
2.49186616206403
-1.96647343316187
-1.0556963241693
0.131679046366786
1.09340735531164
-0.720872262355686
0.700135282786087
-0.494039935712153
-0.676702945727796
1.66267436350633
0.0888799733117461
-0.0593058788143051
-1.36561583355294
0.345108750384205
0.557271997665222
0.358614414163226
0
0
0
0
0
0
0
0
0
0
0
0
0
0
0
0
0
0
0
0
0
0
0
0
0
0
0
0
0
0
0
0
0
0
0
0
0
0
0
0
0
0
0
0
0
0
0
0
0
0
0
0
0
0
0
0
0
0
0
0
0
0
0
0
0
0
0
0
0
0
0
0
0
0
0
0
0
0
0
0
0
0
0
0
0
0
0
0
0
0
0
0
0
0
0
0
0
0
0
0
0
0
0
0
0
0
0
0
0
0
0
0
0
0
0
0
0
0
0
0
0
0
0
0
0
0
0
0
0
0
0
0
0
0
0
0
0
0
0
0
0
0
0
0
0
0
0
0
0
0
0
0
0
0
0
0
