-0.677650613274506
-0.215056490827032
-1.04639844982393
0.0315945296817527
0.319812062376413
-0.215629360224812
-0.300436508368111
0.174349093679793
0.0222457694511734
0.224820935962235
0.439909447439272
-0.362437220411512
1.01534568632525
0.431923849914418
1.27545619859277
0.213813148357314
1.37734107199435
0.0354403903107224
1.60496084676722
0.850746736003668
1.11914531848143
0.931057478713173
0.583644674195109
-0.244750655404476
1.6111562864951
0.406909696019712
1.59084327602543
1.02046556475861
1.32100574015546
0.0640555513110333
0.103830136523463
0.778953660497189
1.50720229944117
0.267174711564573
1.09210675139888
0.108816080845743
0.736928907902053
0.488046801008367
0.139905764373849
0.581832452672713
-1.38086156101252
-1.79358091864856
-0.989335781032281
-1.22800321346793
0.328306637472239
-0.283483307157422
0.000831503831810893
0.01075244256159
0.492139571667098
-0.0224017340602899
-2.25307627471567
-1.13173266098958
-1.74349144583648
0.329983753819026
0.909199218497858
-0.037885273846093
1.20402762820122
0.634786844271978
-0.341457428338359
-0.587894723714416
0.554894145954411
-1.84055531096516
-0.67661993299776
0.257631052601659
-0.759133318899274
-0.289284943535447
-0.508082411817067
0.425018044725904
-0.12907600407453
0.19997875654917
0.641710684647558
1.83780072016832
-0.789784001185454
2.22092982953129
-0.679588841709771
1.48446913488769
-0.832375668140619
0.213166829941388
-0.864610600804409
-0.978570119616097
-0.712549357605903
0.481703530903911
-0.7421250427947
1.20177455446173
-0.594798117768941
1.32795885732088
0.989373020478682
-0.832248726294663
0.117159786208078
-0.862338338378364
0.69123157784606
1.60098887574084
0.554947725145183
0.536894679163667
1.29685482563698
1.77446014468135
0.989505889857254
-1.91358934341277
0.172975234030097
0.173728120992688
0.0553710085134483
-1.20135536178586
-0.0975303402329899
-0.699662379023757
-0.294501630650098
-0.977751811154237
-0.142186637956526
-0.742044685980215
-1.49783820044968
0.350897379329135
-1.57231265306225
0.703089877900777
-0.675851660765192
-1.86677544230969
-0.558203334625541
0.303573665220803
0.0872598853067644
-1.49278579613233
0.514921107831486
0.882583318830001
-0.717072149599106
1.83941355932432
0.746694495373231
1.48288861401002
0.979366161606549
1.22183435915941
1.19410826581869
1.60295957418147
1.37171222661734
1.49391037061762
1.60280723469343
-1.31255023845777
-1.09894871090935
-1.30107396687925
-1.10650706750708
-0.513286188173634
-1.42164787011439
-1.44643088718903
0.320469043715035
-2.06917418060333
-0.619920201034213
-1.653161043163
-0.945638605973155
-1.1402546792205
-1.42364994034626
-0.939809616682333
-0.0149504589141476
-1.48425976447377
-0.82660475275709
-1.09180891029502
-0.570142501653242
-0.503299319857614
0
0
0
0
0
0
0
0
0
0
0
0
0
0
0
0
0
0
0
0
0
0
0
0
0
0
0
0
0
0
0
0
0
0
0
0
0
0
0
0
0
0
0
0
0
0
0
0
0
0
0
0
0
0
0
0
0
0
0
0
0
0
0
0
0
0
0
0
0
0
0
0
0
0
0
0
0
0
0
0
0
0
0
0
0
0
0
0
0
0
0
0
0
0
0
0
0
0
0
0
0
0
0
0
0
0
0
0
0
0
0
0
0
0
0
0
0
0
0
0
0
0
0
0
0
0
0
0
0
0
0
0
0
0
0
0
0
0
0
0
0
0
0
0
0
0
0
0
0
0
0
0
0
0
0
0
