-1.36436897842664
0.682708814197398
-2.86880735658911
1.23024215118785
0.920257657604836
0.725010180337562
0.817919880367656
0.806860530919086
-0.235201612951404
-2.83025077967962
-0.761112578166057
-2.67818597950341
-0.806998952206199
-1.20357644474657
-0.654911593203969
1.52128639862713
-0.890636620706499
0.986782105112804
0.348626609894619
-0.392831264079044
0.441372763415085
-0.709957999941632
0.19524831315197
-1.09812503869056
-0.913597594200291
-1.15777827108653
-0.851259892060012
-0.750833417423026
-0.604591101439243
-1.20535105192377
-1.07673663002667
-0.770795459144021
-0.26385617786349
-0.897564868204935
-0.0247976511824381
-0.561449666875377
-0.200874230259404
0.0234359847057533
-0.446475090222798
0.225540338411959
-0.305119120454337
0.279106914722445
0.433087749912623
0.625118517921201
0.609327697813918
-1.24541898982828
0.672943099494071
-0.0359042766152487
-0.418217500769541
-0.156909946540358
-0.333441629945102
0.897647068952665
0.788719511343032
-0.386549930779491
0.0736014458664343
-0.67965429797333
0.0257379384592544
-0.701726774598275
-2.78090464709302
0.349035994717731
1.23663686015639
0.807317300423731
0.536572167403103
0.803430886842693
-0.446183525764421
0.0213943629215813
0.513502159293964
0.0993053597473095
1.02258405335923
-1.22447801146079
-1.12422065069588
0.16586837830361
-0.737873706383964
-0.16585620674156
0.652516854233972
-0.845456817405961
0.264393279923164
-0.544228200834185
-0.378443302504901
-0.510190333408315
-1.95978021989373
-1.91655336464827
-1.61945502850541
-0.778503267889275
-1.49661162103498
-0.789880256565313
-0.402211563854465
-0.485891651854177
-0.35126843629917
-0.502941225470572
0.338776633771576
1.42594770563815
0.94543693919351
1.06755949709667
1.42551458901903
0.506646486467468
1.62404278269511
-1.27541727653216
0.517789053255618
0.313476536408866
1.08418713750024
0.131678847370208
1.114099195553
0.742942223351683
1.23059318620008
1.43751821322934
1.21398574138023
1.37728952252874
1.15011952866408
0.217302344524084
1.02834942161076
0.337647778452653
0.930018430831341
0.836835629673683
0.811477397872947
0.579636317325091
0.638257631940179
0.463227641430663
0.690582481136115
0.569704484205454
0.692376272487127
1.16987522283283
0.165552621492305
0.537658076601616
0.43027674189157
1.18394297111663
1.02628433965968
0.960181131022698
0.95261906870176
1.68339087787495
0.696178241256407
-0.234664681086314
-1.39847982545492
0.0489302491037897
-1.66180502549186
-0.533135992909332
-1.44653337147248
-2.07703495158506
1.67558331626386
1.03565563392449
1.49357054838082
0.834053911667166
0.945157673352725
0.320022272781509
1.45841312670669
0.184123644707538
-0.807512828632663
-0.120959098893525
-1.56156580470681
0.205474845307129
-1.68961269947557
0.0984188676500264
0
0
0
0
0
0
0
0
0
0
0
0
0
0
0
0
0
0
0
0
0
0
0
0
0
0
0
0
0
0
0
0
0
0
0
0
0
0
0
0
0
0
0
0
0
0
0
0
0
0
0
0
0
0
0
0
0
0
0
0
0
0
0
0
0
0
0
0
0
0
0
0
0
0
0
0
0
0
0
0
0
0
0
0
0
0
0
0
0
0
0
0
0
0
0
0
0
0
0
0
0
0
0
0
0
0
0
0
0
0
0
0
0
0
0
0
0
0
0
0
0
0
0
0
0
0
0
0
0
0
0
0
0
0
0
0
0
0
0
0
0
0
0
0
0
0
0
0
0
0
0
0
0
0
0
0
