-0.827357130407835
-0.249812850304684
-1.45139759350544
0.124672211185361
0.124477650365417
-0.359382205970736
-0.419004298772462
0.401229368824451
0.245108631599338
-0.242097660560428
0.125318990600518
-0.750730709314279
0.755035727930135
0.145576449417782
1.04547715247647
0.302331031933626
1.09535514680665
-0.21465997480515
1.48572905887104
0.540944900378486
1.06599731470009
0.623699654474857
0.332270230549409
-0.0278531776464064
1.26739993551893
0.268630275180614
1.30157339977063
0.849986263868781
1.16552331781121
0.0365625290508798
0.0380521402359825
0.677995602252705
1.28502650790974
0.212543732600285
0.95220729149711
0.308640544851542
0.727737973030228
0.575332567856127
0.139269156872449
0.724028392236184
-1.06578821302547
-1.05982662071426
-0.47342768429161
-0.579803999522511
0.315398724404594
-0.491783097618569
0.216177115700857
0.0113419406138745
0.31026635080554
-0.0746272864548102
-2.19323331306157
-0.375017942251404
-1.30134992639832
0.237098538586908
0.692076772913748
-0.145788330634965
1.09332639405332
0.447046213547872
-0.931970225026632
-0.201288769108422
1.02778470745719
-1.19705906918477
-0.107551091734339
0.252641802037976
-0.985457747094117
-0.480951969364604
-0.130777836056576
0.32420581589758
-0.0438062969318461
0.0518158089884419
0.317116443849184
2.08681777195898
-1.04556072215821
2.28879297451411
-0.515094483117204
1.42974445793854
-0.773765562743065
0.0483682845285758
-1.0168165538418
-0.626203700222788
-1.03756293540623
-0.00940587788719668
-1.16273000226882
1.24721689675534
-0.999029804707465
1.21114123915216
0.809143641800851
-0.919884254182401
-0.149075889882671
-1.14663191650861
0.758598625783443
1.91581423751091
0.790104776827503
0.885557204908401
1.65257716383859
1.83700814049687
1.50247894055605
-2.05400731369222
0.10761274378867
0.0965306291729262
0.0892508146888109
-0.675499428618917
-0.0182404581825659
-0.444204409399113
-0.308520386209844
-0.642331817010734
-0.119405405213445
-0.618033975855283
-0.552938821904148
0.434892247718569
-1.0049305288389
0.569095199212619
-0.523648857995921
-1.80261878391556
-0.518307195159796
0.200070367095035
0.0679730359517093
-1.45514873772163
0.454171276249197
0.773520350981188
-0.584480964695186
2.20670145255539
0.884080111515568
1.63904898563277
0.962685141831751
1.25339636207221
1.29990035074018
1.81044404861501
1.40547134181845
1.74823216642665
1.75972454514497
-1.29594135740821
-1.12060397492517
-1.11711393920146
-1.44028302789055
-0.707480536262042
-1.64999394756934
-1.98271798662051
0.376033105610148
-2.34114101646558
-0.659879451049623
-1.81711145714935
-0.955197642263789
-1.30862428008545
-1.41800339698207
-0.366341187646575
0.154903516828652
-1.9198082570391
-1.31759159173541
-0.081972389746272
-1.43982468642603
-0.951617996166451
0
0
0
0
0
0
0
0
0
0
0
0
0
0
0
0
0
0
0
0
0
0
0
0
0
0
0
0
0
0
0
0
0
0
0
0
0
0
0
0
0
0
0
0
0
0
0
0
0
0
0
0
0
0
0
0
0
0
0
0
0
0
0
0
0
0
0
0
0
0
0
0
0
0
0
0
0
0
0
0
0
0
0
0
0
0
0
0
0
0
0
0
0
0
0
0
0
0
0
0
0
0
0
0
0
0
0
0
0
0
0
0
0
0
0
0
0
0
0
0
0
0
0
0
0
0
0
0
0
0
0
0
0
0
0
0
0
0
0
0
0
0
0
0
0
0
0
0
0
0
0
0
0
0
0
0
