-0.935327892524718
-0.840135427149209
1.82831900038581
-0.790494731843684
-1.21121350621331
0.773060369406275
-0.203633831171497
-0.250817032457557
-1.10321021917002
0.588210981536048
-0.735255952935931
0.892057149758653
-1.19242916681543
-0.0714461834702445
-1.24341818422428
0.13512822586088
-0.15574892625959
-0.118618172029431
0.565859632526554
-0.107209061660186
0.470312486429544
-0.0783409834013132
0.236925326559014
0.420876158231236
-1.01794701568731
0.484801332793331
-1.82168783986549
-1.2011898746809
-1.78717657083237
-0.980246093656005
-2.60199726581483
-0.163714913054409
-0.272445118232494
-0.366816409742811
0.272267665121402
0.676059144740707
-0.157794381762136
1.08672327208085
0.625463116988373
1.16922678337497
2.09777227137583
1.85458202489683
1.83182044923723
1.14194408872892
-0.7427762738873
-1.34260295000697
0.197238436889842
-1.75979664365564
-1.10119055478252
-1.60431983200468
1.81316191250351
2.74826013954875
3.07002789504507
-0.282591552296521
-1.62863958614909
-0.592884974030171
-1.4804081170704
-0.426441823541347
1.99019875309688
1.14881245893734
0.393955339714188
0.8429768112787
0.486042223887208
0.187714721340717
0.0114818874459956
0.702391979997812
1.56945098960553
0.416614885926192
0.497369923547609
-0.889726769233332
-1.06546129324158
-0.0179860330068373
-0.16792267423151
-0.0633935754207257
0.261956294989141
0.0797041006073403
0.554543621369235
0.538362899281678
0.487060534129009
-0.785159914432859
0.235825659247409
-1.56126985003809
0.0738463537608351
-0.0931567443018002
0.0199901601926218
-0.501059580514699
-1.39265405178512
0.17408270739826
-0.766225006862514
0.372632334814189
-0.0354894424285579
-0.610454386465491
0.715706103832043
-0.782600677187747
-0.282251371833
-1.30727591236298
-0.9832729400739
2.42961380684059
0.496832523868696
1.12658852259154
-0.0965259277366521
1.42111362160477
0.45017375081387
1.41602883675635
-0.0173816326025494
1.34047759062651
0.460661901679281
0.760461101653283
2.39059013833971
0.21964448768929
2.42222695790184
-0.633421071988855
0.488594920803705
0.691143782505123
0.903062550239412
-0.43175737474884
-1.11675862526352
0.229833895870857
-1.3097496996107
-1.07395492133067
-0.296315549777632
-0.408469755221234
-0.592805630733647
0.329265437553882
0.466193537995234
0.737722920014114
-0.304941852209311
-0.402534319768346
0.221128327021205
0.268431537540283
-0.726998057061854
-1.04090865101724
-0.743750422198704
-0.722540600202046
-0.634023508302081
-0.741838387604338
-0.902064987108643
-0.330784329258841
9.68258740551357e-05
0.269964558381964
-0.0171126577093656
-0.140293778620196
-0.490168255955643
-0.537191845983864
-0.20258906347166
1.69038267176703
-0.307926229258721
-0.839476172069989
-0.480992746214097
0.921162932659945
-0.895197217325645
-0.778415191156688
0
0
0
0
0
0
0
0
0
0
0
0
0
0
0
0
0
0
0
0
0
0
0
0
0
0
0
0
0
0
0
0
0
0
0
0
0
0
0
0
0
0
0
0
0
0
0
0
0
0
0
0
0
0
0
0
0
0
0
0
0
0
0
0
0
0
0
0
0
0
0
0
0
0
0
0
0
0
0
0
0
0
0
0
0
0
0
0
0
0
0
0
0
0
0
0
0
0
0
0
0
0
0
0
0
0
0
0
0
0
0
0
0
0
0
0
0
0
0
0
0
0
0
0
0
0
0
0
0
0
0
0
0
0
0
0
0
0
0
0
0
0
0
0
0
0
0
0
0
0
0
0
0
0
0
0
