-1.55897788022609
-0.578438981687693
0.0692835522295165
1.90928620762397
0.594385446465702
-0.181561563575922
0.585025953014821
0.974904947716222
1.39013757818649
-0.381377200318407
0.887908630966202
-0.10556025889165
0.633451375279181
-0.428888509231152
-0.298950836336632
0.92016448377148
0.594077764735884
-0.509187196650748
2.56595840045807
0.963003772331423
-0.118027761685812
0.767508684937314
-0.357493806526421
-0.0522714746743038
1.72693132368609
-0.0380487425787964
0.581015149825501
1.35161581311222
1.15169093036842
0.689118787829119
2.15178864724447
-0.822688594799835
0.979182485365071
-0.451557190897096
-1.97366080405863
-0.090320572459004
-1.1656152667305
0.324243939975383
0.103891718999332
0.906573274242811
0.702457269125763
-0.93609451379372
0.0238858170259526
-1.22062041573243
-0.245514206074622
0.718742003321856
-0.204047262682044
1.40735264194333
0.765528208460788
2.07464623295766
-1.3517910373239
-1.51592301470262
-0.997321996949016
2.38027578958834
0.426083435078742
0.216164820709403
0.695186560652893
-0.294732786013954
-2.35495813290916
-1.73537065482876
-0.587306254459272
-0.0816452355249247
-0.476649527716279
-0.34345697468396
-0.958345152330783
0.115834790724065
0.960806682780284
0.954833166624763
0.804903739420741
1.27978271263351
0.935008941840059
-1.0316930750433
-1.10394989450124
-0.268486242587693
1.91074473795638
0.678211240686623
0.556050897411211
1.24625569193771
0.980949413614588
0.328610910672243
-0.385643374390548
-0.959748357108744
0.15551964143497
-0.557640889073502
0.482866269713807
-0.128344026457459
0.828974667374764
-0.616701713016572
-2.32807633894438
-2.09982115699967
-0.525476227197303
0.306351032242187
-0.262577532761125
1.1891950539906
-1.82262353552778
0.0538043443568209
0.931374334387287
-0.855754893740197
0.110128051925384
-0.182662735553614
-1.55709497467457
0.87082367217389
1.45086510247823
-0.431478379891502
0.221579527217463
-0.858033467588477
-0.507924906887656
-1.52590318774406
0.0864029364185591
-0.352337601929275
-2.1447055386725
0.369161649967926
-1.74350446643525
0.204839932546764
-0.843056133783059
0.0298223365158816
-0.240680759690295
0.101912514968624
0.0407118036867068
-1.26271920821478
-0.494461068471567
0.588545564611328
0.393306059634163
-1.50663897200226
-0.970905244160386
-0.244651826580798
0.403143094968202
-0.675925509954611
0.0322201540243791
-0.415859566810013
0.517010388441338
0.402118873240259
0.238345792441
1.05250760406495
1.23385943055465
-0.577508627372843
1.45076606290339
-1.02923364246124
1.51337285281525
0.702916489983683
0.250452294462893
-0.608037343082848
-0.796886291456168
0.117814512429098
0.121935984133594
-0.392429327829201
-0.332695899513293
0.81006455879521
-2.27137015174348
-0.977594502132632
-0.356757681820581
-1.58217908157421
0
0
0
0
0
0
0
0
0
0
0
0
0
0
0
0
0
0
0
0
0
0
0
0
0
0
0
0
0
0
0
0
0
0
0
0
0
0
0
0
0
0
0
0
0
0
0
0
0
0
0
0
0
0
0
0
0
0
0
0
0
0
0
0
0
0
0
0
0
0
0
0
0
0
0
0
0
0
0
0
0
0
0
0
0
0
0
0
0
0
0
0
0
0
0
0
0
0
0
0
0
0
0
0
0
0
0
0
0
0
0
0
0
0
0
0
0
0
0
0
0
0
0
0
0
0
0
0
0
0
0
0
0
0
0
0
0
0
0
0
0
0
0
0
0
0
0
0
0
0
0
0
0
0
0
0
