0.537505230118711
1.23626768515252
0.0980436928677394
0.514202427874252
-0.305341992242405
1.38676945826681
0.461586255548599
-1.80714530645875
-1.76069464627567
1.07091929974108
-0.575087027625382
1.02785170594953
-1.00012263753717
0.0204294568931155
-1.34242348615629
-0.169000073984116
-0.541001805850176
0.972383154886319
-0.815115637620126
0.169564279432746
-0.798287890005274
-0.332486958509088
-0.13943386465136
1.09289760869448
-0.0904377791864409
0.978486662373468
0.357148050555209
1.19974879232606
1.21604910376181
0.212766411411889
-0.818527858327949
-0.882540428360057
-0.63219192177511
-1.19556322604592
-0.320871885161525
-0.941130268651928
-0.524680281409818
-0.460346112117531
-0.740069706103949
-0.418249245163226
0.395474508658699
1.18303216648285
1.4642030836852
1.81773786677897
-0.903751307414268
-1.75950272200529
-0.757192565562101
-2.11647351397919
-1.39029842745556
-1.41223469476404
1.1594154608996
0.601501081973779
0.953553495343895
1.2802397471115
0.731140349077954
0.897720591844883
0.83313192405678
1.00838173401338
0.289825912640313
0.351563751301527
-1.05633321728254
-1.03591214247448
-0.778369049976591
1.34915455227321
1.34386418112996
1.31244672537774
1.09233744367861
0.938738430741544
1.3130195895459
-1.78278649288764
-2.22081853537632
-1.66861935383946
0.859883755177741
-1.40123601349811
0.261275610083128
-1.43635411218899
-0.619394344672215
-1.41091045498111
-1.21856276740385
-1.47105899293538
-0.897848716037362
-0.471809371679224
0.67389101071497
-1.50316675203002
0.216154888113628
-1.12987614429023
-0.430322233425214
0.0545785027096976
0.133295715086456
-0.163402351785498
-0.854702354898056
-1.56003418962429
-0.695017185521393
-1.88334310316632
-0.61608856425612
-1.0585230274173
-0.599505301162462
0.914038459200902
1.43328948740106
1.14692876833279
0.85258073568774
-0.357023137983686
1.45041677267778
0.375356865008725
0.267948906382531
0.144030837912092
0.953580187053655
0.474735104745824
0.208948521182706
-0.855451708971414
1.03921622534019
-0.913399498181661
0.721132308301189
-0.67414824456099
1.01428444840341
-0.338424175025998
0.138242662361214
0.41369270563909
-0.0761440957321579
-0.302471171516545
0.728630836011678
-0.87110316917944
-1.36759882330943
-0.575153059804613
-0.912107002282935
-0.862209599764091
-1.0166622408235
-0.574639252876166
-1.03764461737125
-0.886968187137415
-0.858901918346703
0.300094835907164
0.322117529229293
0.904416462331321
1.16103004948614
0.559830399532456
0.997518002835377
1.33740864303742
-0.260998794220028
0.758141876947636
1.14275917183354
0.438092680572885
1.69864404631641
0.253066900129913
0.94167703289629
-0.429509700928481
1.54164704652557
0.526626268753985
1.45409485622351
0.877615546438139
1.62218819167833
1.90255171455219
0
0
0
0
0
0
0
0
0
0
0
0
0
0
0
0
0
0
0
0
0
0
0
0
0
0
0
0
0
0
0
0
0
0
0
0
0
0
0
0
0
0
0
0
0
0
0
0
0
0
0
0
0
0
0
0
0
0
0
0
0
0
0
0
0
0
0
0
0
0
0
0
0
0
0
0
0
0
0
0
0
0
0
0
0
0
0
0
0
0
0
0
0
0
0
0
0
0
0
0
0
0
0
0
0
0
0
0
0
0
0
0
0
0
0
0
0
0
0
0
0
0
0
0
0
0
0
0
0
0
0
0
0
0
0
0
0
0
0
0
0
0
0
0
0
0
0
0
0
0
0
0
0
0
0
0
