-0.472214525415356
0.113692025215786
-0.957256507262852
-0.368988130176104
-1.41483191120995
0.0624302651215501
-1.08511034156159
-0.84908698785903
-0.964226209386741
-1.33209736630065
0.469818314884634
-0.776192515518813
2.03616634006125
0.419677332706295
0.595632123972196
-0.25524027149637
0.385011212839518
0.037483985390426
0.297685239765715
0.356567207845454
-0.134809127175651
0.0387724768096426
-0.150805530667087
0.224551882063393
0.211891597675712
0.405991037532402
1.337259832582
2.08593095379208
2.39775930464806
1.53198985584902
1.53105516065695
0.0635964457882102
0.741797800704172
-0.365165574731
0.361986479415286
-0.33547434883208
1.70019578921946
0.678628470004226
0.328394405823717
0.802089870412426
0.110219888708425
-0.353738270677744
-0.0497412797795893
0.623672799615496
0.177757888184511
-0.42241134490168
-1.01025678164886
-0.778007056180067
-1.14445555907669
0.447961610685185
0.23201345515861
0.345245341824863
0.358801422209569
0.6161881211853
0.603901507803348
0.66311913717835
1.33200573690311
1.25131523193485
-2.43799002225268
-1.58546386094672
-0.605125206736922
0.0249228102738947
-1.02008112776935
0.322899795410966
0.700561516501337
0.458620600976987
0.131711660099833
0.0558845462469701
0.726448773925535
-0.288508382241883
-0.950342450915605
-1.69107655962959
0.33961053593124
-1.39150997492484
0.260020945195692
-0.839687635271484
-0.0793387262333877
-0.745406576982087
-0.460688326870953
0.394796156693857
0.117131817463075
-1.75561890456635
0.132474410741731
-3.3125347514384
-0.0888621591166324
-3.0517218431828
-2.31033713540901
-0.463204086224911
-1.65544384315455
-1.02972786907593
0.880387753507243
0.516267345170983
1.895099935761
1.00683501658292
2.48114782717238
1.26631690571254
3.02124046591824
-0.322963874753584
0.448073432876478
0.762834164056474
0.0132378038379783
0.130444680236075
0.917453088774972
0.642974514819366
-0.536637127644275
0.756772393768524
0.727649568739542
0.334392368687371
0.623452741023564
-2.10617147309341
0.0458999288631608
-2.19946696085366
0.0739749148937746
-0.443846109126257
-0.000700891792251604
-1.39325810079273
-0.410183234082605
-0.173853638622242
-0.617140337975536
-1.17318139512022
0.176912574900095
0.112064230000807
-0.698975844665474
-0.85289551500335
-1.47884667726745
-1.80615964179349
-0.252663221507043
-0.419466444336473
-0.127066397682451
-0.0955905011295943
0.0950655676023716
0.754894710517259
-0.440473111804692
0.635433889277926
0.808344014490228
0.790710878467623
1.30706621231765
0.633153501172884
-0.354369626324242
0.546994878118889
0.322451570369323
0.461572827652235
0.334496106659103
0.230589339724143
0.521425537954746
0.241859445345554
0.365059585768795
0.684838885238514
0.106900148107619
-1.04260031170293
-0.114527556777776
0.726187200933042
0
0
0
0
0
0
0
0
0
0
0
0
0
0
0
0
0
0
0
0
0
0
0
0
0
0
0
0
0
0
0
0
0
0
0
0
0
0
0
0
0
0
0
0
0
0
0
0
0
0
0
0
0
0
0
0
0
0
0
0
0
0
0
0
0
0
0
0
0
0
0
0
0
0
0
0
0
0
0
0
0
0
0
0
0
0
0
0
0
0
0
0
0
0
0
0
0
0
0
0
0
0
0
0
0
0
0
0
0
0
0
0
0
0
0
0
0
0
0
0
0
0
0
0
0
0
0
0
0
0
0
0
0
0
0
0
0
0
0
0
0
0
0
0
0
0
0
0
0
0
0
0
0
0
0
0
