0.475585924634997
1.09895692032675
0.536883102911448
0.821074911132615
0.0565862423764094
1.59381605841109
0.914552503083049
-1.78713350903023
-1.58340354081445
2.08579639804657
-0.681319947470777
1.58256367712728
-1.46413148595041
-0.0848976905048842
-1.4569785390835
-0.157665757785077
-0.529492203659307
0.981308049744208
-0.895078242747398
0.240169834891963
-0.900538013434654
-0.248756003839043
-0.0657145270839565
1.21450280310962
-0.144452475859055
1.01007117201372
-0.0507354290814956
0.740234084008566
0.534905034191341
-0.577136647351059
-1.58537119383496
-0.934553166785604
-0.79161997319225
-1.15913179870994
-0.31072781714938
-0.804843488721795
-0.889161879697991
-0.527866848473414
-0.715799648724841
-0.448624966132245
0.338338661113343
1.14735839985237
1.54565890881388
1.30163677155513
-0.873918916560635
-1.72086118104025
-0.460146636039532
-1.90078035852129
-0.993666562047072
-1.52700093543964
1.11615608001264
0.586389160746779
0.953997062690411
1.17616966287995
0.653857204470116
0.76846650986322
0.400756494509809
0.606726947529029
1.40754296662516
1.03076400421367
-1.12158888437879
-1.47314980342743
-0.541429736796728
1.43623213394644
1.11158714356688
1.38391951944779
1.18636230962911
1.072617387648
1.05835566941752
-1.70019751628332
-1.80456284090706
-1.28141100355089
0.639301806465017
-1.0514748090197
0.0872173345787787
-1.36397765756146
-0.694805416474569
-1.25596648566512
-1.21296147102529
-2.25137556119689
-1.0486634234693
0.137717552309769
0.627994198708646
-0.269892426130457
0.373783181712978
0.0614159688766104
0.394825566898742
0.245579616080845
0.640714185293287
0.143758639712852
-1.45931807884092
-1.66204288444619
-1.35421232216649
-2.21448519899627
-1.31390493570256
-1.15607571780969
-1.39996011145903
1.28547235488257
1.58587972868013
1.16961744303302
1.11636516453862
-0.479509291741511
1.55345978538849
0.362914844212238
0.643504940169489
0.0578228459771334
1.10523784441518
0.619967846721376
0.0806793529857232
-0.0780164108346164
1.19521418204615
-0.242499850313094
0.906564413164466
-0.610414291880324
1.1519343302674
0.148311996781726
0.421935003720817
0.511027758804628
0.201059207307517
0.0911096333657593
0.761684522996275
-0.990678092962009
-1.40246074366456
-0.356766806040106
-0.44280824669858
-0.405062610272607
-1.16187745600755
-0.50691729487552
-1.14271036501173
-0.994864868771644
-0.946367110579199
-0.197429612991168
0.129873579518137
0.50517235771057
0.65904228300687
0.0443839723701241
0.317625118069277
0.97478047565413
-0.117948595193138
0.455511454991758
1.08903190032733
0.363217522247776
1.53105063238359
0.339750752232324
0.796820474401406
-0.670266417820968
1.41563383952216
-0.0497285419470173
0.949754358169882
0.772532647315136
1.06802418674568
0.795115758376372
0
0
0
0
0
0
0
0
0
0
0
0
0
0
0
0
0
0
0
0
0
0
0
0
0
0
0
0
0
0
0
0
0
0
0
0
0
0
0
0
0
0
0
0
0
0
0
0
0
0
0
0
0
0
0
0
0
0
0
0
0
0
0
0
0
0
0
0
0
0
0
0
0
0
0
0
0
0
0
0
0
0
0
0
0
0
0
0
0
0
0
0
0
0
0
0
0
0
0
0
0
0
0
0
0
0
0
0
0
0
0
0
0
0
0
0
0
0
0
0
0
0
0
0
0
0
0
0
0
0
0
0
0
0
0
0
0
0
0
0
0
0
0
0
0
0
0
0
0
0
0
0
0
0
0
0
