0.65703424926303
0.0529522662208448
1.87162592223522
-0.185954493609296
0.945953817216816
-0.0451032047966177
0.108426002517078
-2.39818291787357
-1.71298904853078
0.783788295713974
0.515189106798941
-0.128535498788756
-0.543526322408282
0.0602186677979854
-0.359656614797138
-0.889613431940928
-1.46632202967121
-0.648824660971384
-1.56362359135604
-1.55519786369592
-1.61299482441165
-1.87056794361205
-1.55007957235543
-0.422374609279396
-0.727592282675423
-0.0462467104167405
0.0881958424546944
0.164935904050328
0.409962318424619
-0.515132852081288
0.797835508347344
-1.03843899380646
-0.934140320412127
-0.406654747814276
-1.48176311984026
-1.17605445488727
-1.0532739940977
-0.629391277180335
-1.72560251368939
-0.94045707219334
0.933205639704547
1.11740652514167
1.3731434867009
0.983933546123747
-0.431381276701903
-1.93275890480175
-1.00319009846604
-1.61868713365457
-1.59263915147306
-1.52655377615961
1.78741922115062
1.4531302108338
1.6988861454757
0.347473747938385
-1.00372101674606
-0.350883242886938
0.196333945876301
0.280418384715033
0.226817942931408
0.0228558462905185
-0.629296769455514
-0.716451051232351
-0.791413988332642
0.478506179485531
0.816704195684389
0.640288285873393
0.736422389035426
-0.167075235034833
0.070733422810265
-1.13961772175873
-1.74192381946733
-0.221335597204332
0.850864250541863
0.187442838975656
1.40907596883736
1.07453492892827
1.61496733354244
1.35108988719735
1.49680287550255
1.02217124494236
1.45461053763737
0.925051119597673
0.926760364294284
0.587875199244761
1.21208984396559
1.50923834928308
1.56857968468132
1.31826969167067
0.718699015459195
0.832609156846029
-2.03085317438194
0.186444731441476
-2.35029092000775
0.56712204056348
-2.22026564880779
-0.705514469621727
-0.57802345161647
2.41211752763285
0.519537227037468
0.347247533448591
-0.305218113032855
0.767343271086734
0.351824612494242
0.616175533857299
-0.190428454602815
0.894385650198199
0.420481147883721
0.5659866148992
0.992379233481278
-0.112996787523229
1.64781236390843
0.895273265551212
0.990692106175763
-1.43165978129835
0.4563095461472
-0.22127189030383
-0.120186988019548
-1.46032741550178
-0.0838903508315062
0.538020511964533
-0.792429173074619
-0.677150247506416
-1.84266549478934
-1.27270564616362
-0.639917699789432
-1.26277743640152
-2.12370653534333
-1.30325662924902
-1.85367175777324
-1.56812051349272
-1.37070049492052
-0.0231283983792341
-0.589485892888801
0.460600523780955
-0.685675492712046
0.134255221172518
-0.290005461539744
-0.261451687611567
-0.193664445812972
0.200206435898085
0.310434438284746
0.977367441643172
0.186477690240868
1.63969258478305
1.06279977334126
0.742477746924744
0.0201687123989281
-0.323055816290979
0.896459623625893
0.110662983624953
1.35603514072671
0.48240669333399
0.543202676117146
1.22988146174225
0.507421844500932
1.1674360154112
1.33602826109407
0.64526769328139
1.00134073184358
-2.00921899268438
-0.543030720599664
-1.87149409665855
-0.204920298031778
0.186857639839783
-0.730796295421087
-0.160825001573778
0.394826090051759
0.367356689807174
0.753597561844699
-0.741909274824338
1.63093432494519
-0.140496447679897
-0.211807947054549
0.762385848105141
-0.0701655793259781
1.04552460823962
0.46269312059451
0.56836565243584
-1.03953021091368
-1.51987014500839
-1.15552074319593
-1.80437755258986
-1.58010551855521
-1.06200070992867
-0.0616006974819443
0.648859644532008
-0.944176254403276
0.403177564757902
-0.669638453870064
-0.448021809259395
-0.286163266720117
-0.031856005866563
0.152000967433803
-0.65496606351285
0.869153613731676
0.956672353238004
1.8869227354866
1.47722608307103
-0.0336794647747238
-0.408238304649172
0.51427560681661
-0.867883114853386
-0.832997839514662
-0.0692952354651475
0.509015837771645
1.39410946438926
1.06651944985766
-0.6745566556231
-0.955280108014825
-0.995829522342426
-1.17683254542073
-1.84252108875221
-1.06429374419081
0.787444943590182
0.850629084997563
-1.93982993601608
-1.89124120841527
-2.13283336932884
2.1096339512262
1.56490820252782
1.80621369363285
1.32137153248582
0.845813648235316
1.45159131217269
1.16011656072727
-1.5177100579477
-0.249212145969485
-1.24233248609732
0.10598657634091
0.490958637784292
0.27521532333945
0.512087008869816
0.553580130790264
0.688942229538233
0.12465855187645
0.256412955297491
0.516624245589067
0.708685868492861
2.03642620268127
-0.284079351770548
1.40835884072942
0.202341736146529
0.91144415575677
0.160904088582931
0.897756033187729
0.476331003314734
0.601912373832076
-1.86655269453267
-1.47309229535219
-1.56922750748597
-1.88496876817336
-0.976572119190763
-1.13502512966758
-0.744577108049455
0.463321519536637
1.04798368493336
0.732243328393004
-0.251491426215208
-0.0604933491394016
0.502509910113865
0.320922999205644
0.22910970415481
-0.229375799560289
-0.238020069896886
-0.392331711026166
-0.593108068605279
0.403922465445287
0.323456687213255
0.333394713775981
1.26628970546649
0.0503758942546833
0.500620081025973
-0.202486216524722
1.08388324870221
-0.321735320626493
0.0277343441845006
-0.1793484636573
-0.326172164534958
-1.3327690169835
-0.713652126244356
-1.39385525747919
-0.138811685646947
0.709535046945236
-0.393419183483612
0.612041691028057
0.465719713603704
-0.162888133805589
0.121245511222551
0.333758853888309
0.809392514662878
-0.160697117265152
-0.059662752053801
0.50030706856597
0.415345366309622
0.451569760447972
-0.50474013598498
0.77154886566119
0.123584980024117
1.58912258496897
0.739937440376069
0.409239113563354
0.645645614243897
-0.426793877622505
-0.137647812578558
1.21097291694888
-0.188321344772108
0.895688871694606
0.731141071563377
