0.49908738799334
0.952370040340557
0.0899339449737583
1.59209003900157
0.859600025260217
1.8258580073678
2.06129156320592
-0.417330630097733
-1.03839210009556
-0.0711255421563622
1.02294371749329
-0.50106250575372
-0.0642798247560403
0.866333139134967
0.71158866922688
-0.633519604324363
0.498494703560449
1.37227813836048
0.521974165204766
-0.0517721422307236
-0.143939579182869
-0.249065514576034
-0.0152231427563483
-0.606088214229682
0.52469236781181
-0.283446265065
1.22139900198142
-0.350716515576805
0.138223185058062
-0.381321173757419
0.111047996704279
-0.406021985505884
-0.294601137023055
-1.36855878415416
-0.698832230923645
-1.02186383569789
-0.0455046778981548
-0.280275515534104
-0.161702672235086
-0.496814937416026
-0.564150149761466
-0.228806786740935
-0.156496623833091
-0.0869851024906572
-0.258098017027361
-1.13358773968286
-0.894725961593548
-1.56920598582894
-1.7973268737742
-0.617160612791022
0.547368656911583
0.858760736001577
0.274053187498991
-0.377796128789143
0.547630210880345
-0.665718770897152
0.360209960130978
-0.509121982354155
-1.29200562309883
-1.89426204636874
-1.6629471827746
-1.90028938801342
-1.66534034431144
0.503396128517955
0.360995786105103
0.736852534277329
0.167722959775674
0.507720614548074
0.396656169182694
-1.90012018592583
-2.08467275018693
-1.02927719097684
0.714866286554684
-1.44372450184834
0.508818563172786
-1.18967883515207
0.1332151897131
-0.505918736257187
-0.388089556782811
-0.39361160751924
-0.614987261541247
-1.51121971592551
1.05764259973887
-0.687593059093875
1.37209524816247
-1.34978914310556
-1.12552504478712
1.56393119931679
-0.191537229615437
0.550140980688712
-0.253156520615194
-1.35153776561139
0.848534766287734
0.757867312354116
1.08462162692171
0.187501242279746
1.1871143518556
1.01768501727558
0.790974837752178
0.0645467092209922
1.58767905518573
0.32534210700075
1.50574972255179
0.203537178149719
1.04946298605288
0.743271728328877
0.920028777618656
0.908205195619502
1.08874908738876
-1.84022546395872
1.70780126551458
-1.04108583212154
1.12169086635497
-1.17763186395019
1.35064596715196
-0.874510252628198
1.24329372109827
-0.160962624008977
1.08108604968028
0.516009855746679
0.744800607148372
-2.69010052183582
-0.764090400910446
-2.15805776298854
-1.28264313136926
-0.882950013505033
0.571968839735422
-1.72225636473254
0.625473659704834
0.019573578110603
-0.245195077303421
-0.21804536327734
-0.18048139602602
0.276417338738571
-0.706248618574163
-0.247944215193502
-0.746756737783997
-0.782627082004821
-1.16950792354669
-0.0752884135691263
-0.213012979632123
-0.156137179119571
0.787076537909647
-0.00875944603628526
0.340323890458757
0.45445320060363
-0.521742232062511
-0.136911901943197
0.201100615823501
-1.29970108372083
-0.608685983231625
-1.46336727359196
-0.105364120689445
0.704278314071161
-0.862150979252564
1.6249348632455
0.892161653146516
2.5873192513773
2.03836760480671
0.834409371537017
-0.57390525355675
0.102691287156464
-1.77509123213191
0.627902259113133
-1.22659722890957
1.22187832126028
0.593030259973565
1.27080057402223
1.58746974054057
0.362857106978768
1.76535414988718
0.337465782038578
1.25399033585719
-0.0644876845292625
1.30515542553032
1.06746106925545
-0.223457311344592
1.51846006548977
-0.76990809887673
0.354347813622672
-0.582528392197328
-0.436132686527169
-0.69346278924712
-2.25341707390418
-1.27252203545271
-0.442092563140028
0.860184097813266
-0.326080383260208
-0.0699737518096308
0.431872806197671
0.591502287894278
-0.103774335479288
-0.308270335935052
0.264434639898789
-0.518394848640414
0.291855317019948
0.372939314982584
0.346824419021489
-0.491775985090577
0.15740443607716
0.387339859225849
0.189150004771424
-0.590780606727906
0.666891333206018
0.635726760836529
0.490336968881846
0.627382176592062
-0.602449354453433
-0.650896832920028
-1.2102511202285
0.25600908371914
-1.03650405140205
-1.3245956989157
-1.09489334388728
-0.920160147535965
-2.07675887950674
-2.92161842466504
-2.27402541986188
0.556037328050837
0.524739598482477
0.88493285221513
0.374993945531731
0.47995276487054
0.558717273158684
0.467168754661193
-0.740358346606945
-0.422171940197328
-0.714612651241284
-0.53592195702903
0.958055130187001
-1.44565842910169
1.55521440076979
-0.210881277817207
1.93342106408731
-0.508015927733194
1.23394845010795
-0.290562943196096
-0.466866949130415
0.918043879602634
-1.09716038565766
1.29678858436325
-1.57113344627617
1.33826181588511
-1.49497456040483
0.144432983438973
-0.73420176228541
-0.866081005390259
0.123734090672068
0.273313103168731
-1.78825560403232
1.60808011776019
-0.923421036620421
1.02832895823783
-0.453637505849288
0.209671796208485
0.724822666313671
0.373355098290423
1.8449705703979
0.993145952109752
1.61290406174401
0.99446303436171
0.871764696962894
1.09560656103268
1.12022594935427
1.32308668023505
-0.654583130565986
1.16393634970383
-2.37982469582396
1.54802193927484
-1.16108573809687
0.818018542336309
-1.03867496120155
0.500284703412019
0.790415215484649
0.225308448472571
0.0278866432280969
0.678829344719234
0.296965758231038
0.276645024180658
-1.89625874402575
0.678767079568931
1.23667977884189
0.0486646531157414
-2.11178264623053
-0.753376371111817
-0.530110003297006
-2.21973994100974
-1.32069563779156
0.775606330827971
0.801631607112752
0.252767725414488
-0.216563569186919
0.326360304898538
0.0544056359979677
1.23208495480072
1.07054994815152
0.461924034639528
1.42472326173312
0.324578776236514
0.355989085781595
1.35753521322096
0.396354681686558
-1.25393069695976
0.541390814527801
0.357845861102685
0.169798598780282
-0.694655840635293
-1.03184326304057
