0.48844739389568
-0.398885681195422
2.0024644958893
-0.493709229685488
0.953812565807664
-0.245383419093208
-0.259682850539394
-2.03940852026777
-1.18842000514253
0.786874015490765
0.411577314335509
-0.158768297287171
-0.779188807286086
-0.11978734895873
-0.730559485877681
-1.57941558423935
-1.71730590097782
-1.20956522112162
-1.79836793908813
-1.54849033240155
-2.09378818311335
-1.94317370457695
-2.25887203949798
-0.795803196227222
-1.04045596451309
-0.127849017755058
-0.456513311154811
0.186106003925249
0.155178600946482
-0.807496101056419
0.86037358116607
-0.914500142277143
-1.03518990699856
0.171076545077887
-1.22728417989752
-0.597693129537714
-1.04924380841691
-0.486003537257594
-1.43446371589848
-0.69673716333314
1.06064509033538
1.11798012697871
1.37931460390882
0.870352648622815
-0.286967439461494
-1.4821633077264
-0.574895491571559
-1.03682248552684
-0.799076502868849
-1.38184339402278
1.42489074496628
1.23751114704194
1.59440182358513
0.209848813500348
-1.3489030404725
-0.640676573467384
-0.148297599648932
0.292979630164812
0.73896061941977
0.673802899528195
0.01766331424485
0.0190952721462414
-0.266614389639603
0.444580862293567
0.683919950591893
0.51308036066452
0.527321131805757
-0.132176551541421
-0.00634365389292433
-0.286412901450055
-0.771112592118646
-0.100207417453685
0.645983681773446
0.745597039360802
1.35590525524383
1.49678055819383
1.72715049668992
1.54976449565625
1.70757596592069
1.22001917354795
1.76992471609793
1.48350672592561
0.561771723269708
0.510006493571715
0.949325417768037
2.08814311384727
2.00664618085939
1.20075799162179
0.904810342773752
0.883193347014148
-1.76181511527173
0.66676293039976
-2.60252503660051
0.385570786005292
-2.98368771607695
-0.974604909597879
-0.976939255104918
2.25151331116255
0.50987329831668
0.356509430876047
-0.546178797542028
0.507479378827925
0.154048098111726
0.40314577462297
-0.405985911997811
0.711433790700574
0.325655542502325
0.30748765252048
0.679173792717605
0.494680402186722
1.25288949479074
1.24921111048756
0.773354925580005
-1.02247052661648
0.336491328923332
0.0477978382655347
-0.337541684536146
-1.34591439488125
-0.351393593593647
0.329050726988358
-0.913447906541471
0.428116875468123
-1.70956764903564
-0.494126912589564
-0.395940573635266
-1.22049597413748
-2.76273354113977
-0.934645793565537
-2.5831512145182
-2.09950978102576
-2.10926060474551
0.00149493347121159
-0.892396163921766
0.316412153380561
-0.596074039273304
0.228394856901178
-0.101948594715965
-0.0622743671025977
-0.0674486437141792
0.297329298560023
0.271182870421465
1.09316727920342
-0.217603555283369
1.66105384646224
0.893644847057819
0.563897058447165
-0.0231125085700591
-0.218334257899807
0.906001440552872
0.331811247950806
1.61203337723028
0.935741157656469
0.489100869139588
0.93277714207419
0.808126857438891
1.10837194822437
1.39325505787172
0.337466609616632
0.764040929401471
-2.23189288569164
-0.259095907701638
-1.99954708716758
0.318138365600361
0.087207399612216
-0.449885259120428
-0.482128646416192
0.202221303496787
0.0141211398815391
0.234293611712628
-0.802017072228273
1.04530775111697
-0.203124736446786
-0.402128930541823
0.904399994344099
-0.295687126901654
0.809466386987588
0.649551394963734
0.214605940406802
-1.19420450345513
-1.34836113095575
-1.13611941931325
-1.65377767879535
-1.51960058358439
-0.430475203249791
0.391832501911478
0.805737422970571
-0.87920498631849
0.502381667480605
-0.706026946226149
-0.356817067915336
-0.402431671676511
0.175455909759468
0.408841630641184
-0.472838033379329
0.880741730024781
0.559300617700901
1.73947695523487
1.17923792781688
0.100979214343087
-0.304624054912927
0.546473014149821
-0.681968456666845
-0.473098526929001
-0.0749914984943329
0.133918803502804
1.15768981880002
0.762385556547691
-0.511987669114402
-1.00880965780916
-0.622216070642996
-0.991370009733697
-1.45191807306024
-0.828059670339558
1.1736468833747
1.18032832041521
-1.22843383380007
-1.20012497637388
-1.6133306269005
1.86892992479768
1.42875121970666
1.64684481741113
1.06328459539103
0.64287292047364
1.2967010466888
1.01791554655541
-1.19746071955195
-0.0158242493007226
-0.920560810899578
0.0245618060063051
0.0448461383117775
0.781837655718794
0.0201226633566245
0.597076824199291
0.123237316260975
0.147290818717895
-0.152956417260643
0.640510423602188
0.91139118972363
1.63874050263577
-0.235207814263084
1.20784888591464
0.728879651625084
0.640940221028765
0.630477140507602
0.962897319064537
0.766804112431338
0.943095079111966
-2.13652658589598
-1.8587718485903
-1.05314977536292
-2.62742717749678
-0.688845828700074
-1.73827536527316
-0.480622794924355
0.276060046077947
0.40483707154881
0.321999766611019
-0.472633809139206
-0.553684514512775
0.320114924656011
-0.0810286870557218
0.144564027974842
-0.352846482399693
-0.443745530164962
-0.562259646943816
-0.470244565019367
-0.10642388466866
1.25226581887054
-0.0949262246711176
1.69857502709933
-0.2465745701646
0.863965378578611
-0.330448734664269
1.0072674334866
-0.309481588307748
0.0994498193246518
-0.163712819957949
-0.292826224449515
-1.48075374423162
-0.0341127254528436
-1.60742921855415
-0.594904947566579
0.644665638809167
0.559019659565186
0.843806376893167
0.669435067506212
0.903691716246683
0.744746229386595
-0.209580868859103
0.588519170902223
-0.201072096097651
0.0363448950376017
0.315653733167101
0.329352302074201
0.268234109375345
-0.82876286736523
0.699914219246318
0.0126733818517606
1.46088796323576
0.791013276171489
0.196148930453756
0.226226312856628
-0.395945714081591
-0.403076667496934
0.596631300152179
-0.417442595110172
1.14284525110807
1.06431372879693
