1.54076383021058
1.11780340113397
0.448233849765994
-1.5418793208163
-1.05070551653992
-1.59963080570966
1.14472937789132
0.0903884841733156
1.01207596482793
-0.688089827472408
0.739732960233805
0.238665485246099
2.32090545082913
0.805435700044641
-1.05997821246233
0.212858162960368
1.31910973313741
1.45243608506504
-0.442067013029097
0.305353003286561
-0.472204664514359
0.583055486634362
-0.0422368575007875
-0.670206588288655
0.170093926675728
0.16071585923187
0.992611154111488
-0.446842089643092
1.44690283042242
0.346061668500173
-0.0778418822847659
0.437513112804978
0.25955516593809
-0.229529752199322
0.495285476314295
-0.0181354483794005
0.377895742228809
0.0399190976964937
-0.0889384558312324
-0.297908031775302
-0.0107555223103924
-0.0918978328425754
-0.132453738211385
1.07871744713738
-0.523277211846819
-0.596323198820605
1.87509066422836
1.18008384460841
-0.408039044609174
-0.468758662723334
-0.393785005717681
1.20776840839632
-1.42224127236318
-0.135465972091866
-0.61108571176167
0.717565959339627
-0.202576248066892
-0.315146433382902
-0.0647589468852754
0.294137583773999
0.378285959198694
-0.0280732742383746
-2.16134652728324
-0.652443681116143
-1.5966134180297
1.3958391210843
0.612479233729713
-0.521729434065794
0.87902520466228
-0.107542771213507
0.728557167064322
0.275579941076614
-1.13275182018638
-0.167187031839406
0.903460478486973
0.851559148642482
-0.769048334264202
-0.327735260650843
-0.423967868253528
-0.796367915262647
-0.987095648562026
-0.259498378732257
-1.10753730418859
-0.407954654193865
0.96064637948382
-2.81076823972648
-0.188618122725107
-0.366509051189779
-0.101991484626184
-0.0353238711336196
0.217000446886877
0.89854443899197
-0.0535332603326397
0.448697086260694
0.140032681087379
0.665077868848445
0.156023521376731
-1.38561471949827
0.241524096261153
-0.910208126303326
-0.0707970951148987
4.14718583676996
-0.539277373931588
-0.169146679489899
0.173631141543191
2.07508276794786
-1.29832275637531
-1.97392937983985
0.921346107151835
-1.41094402366209
0.4389703748592
-0.376373153451633
0.184450165366964
1.68317424697178
-1.91209983284488
-0.180745972165099
-0.66457135330776
-0.567161505634081
0.341288136861591
0.61784416071671
2.85505933875353
0.0378478532033627
-0.452504605354766
-0.243489142839394
1.89087096207797
-0.204397952340936
-0.080580009536655
-0.0592453024366704
-0.465865800241216
1.27604774092021
-1.35120903790539
-0.347425856137431
-0.220265487682511
0.608445052539414
0.795274636123698
0.305314183650697
-0.263362688698308
-2.05133266186649
0.0633870825916005
-3.21717466911241
-0.555617886600838
-0.449975226246986
-0.203212363533268
-0.880758577530528
-0.089678947167336
0.318597867642028
-0.144961122096311
0.2654450364861
1.08281883506495
-1.49582344394396
0.519761726174843
-1.42317157062412
0
0
0
0
0
0
0
0
0
0
0
0
0
0
0
0
0
0
0
0
0
0
0
0
0
0
0
0
0
0
0
0
0
0
0
0
0
0
0
0
0
0
0
0
0
0
0
0
0
0
0
0
0
0
0
0
0
0
0
0
0
0
0
0
0
0
0
0
0
0
0
0
0
0
0
0
0
0
0
0
0
0
0
0
0
0
0
0
0
0
0
0
0
0
0
0
0
0
0
0
0
0
0
0
0
0
0
0
0
0
0
0
0
0
0
0
0
0
0
0
0
0
0
0
0
0
0
0
0
0
0
0
0
0
0
0
0
0
0
0
0
0
0
0
0
0
0
0
0
0
0
0
0
0
0
0
