-2.82445644415578
-2.77886312566803
0.355881786656133
0.956673734475924
1.12208841362181
0.380644808191475
0.557869077066383
-0.782560186991219
-1.35586525915063
0.914655567545348
0.245958521732862
0.923695686333937
0.828403778390183
0.419606177121733
0.463679751505902
-0.151286257653557
0.117961180648807
-1.20643149042359
-0.333106428337953
-0.0875320300031283
0.246563104867717
-0.106027825293781
-0.186847814232206
-0.0839841954359516
-0.295009724672007
0.681823153907185
0.185563133433881
1.00126461334723
0.734816393147332
0.47826251594048
-0.88744980439121
-0.641268098156552
-0.157674324776101
-1.27511768713608
-0.881693839302948
-0.00591633802798057
0.819631058513062
-0.423107240617694
1.00522011443724
-0.114650936181699
-0.611302693044128
0.993176148143427
-0.0147866589567643
-0.445839640615704
0.667199658504401
0.478557053166183
0.101502333573041
0.412436841274011
0.524321516449571
1.14560576961864
0.696109330891323
0.403840101793529
0.343772508242044
0.266271471691356
-0.492380330438662
-0.525443843443066
-0.115064954444609
0.976351245600625
0.66007080048444
0.391552769350096
-0.996915432459902
-0.91158524587009
-0.660495044527923
-3.12770934068317
-2.66461366379658
-3.90010649178893
0.155530361548366
-0.501505980839166
0.0706134948146764
-0.415512867042877
-0.158620140736923
-0.310667205910298
-0.562963144717024
-0.703828798964778
-1.50749178128877
-1.03977168024454
-2.0047576938477
-1.10740299378388
-2.03870569876142
-0.90528775476087
0.203084086765587
0.508445573921394
-1.62271959444517
1.70038106643017
-1.1716485286215
1.18815804963882
1.23271305611697
-0.733901374618371
0.706835284188215
-0.305050371426666
0.470831785743639
-2.22323695833204
-0.317652086939275
-0.747604685824171
0.0460605924712934
0.206721578560714
0.333460297678313
0.682609906686895
0.338604283699829
1.06187131901522
1.08389561260329
-1.23876250689698
0.74857013373448
0.366725088903024
0.978022360022526
0.272229568558798
0.74383682811523
0.900105406153571
0.792847288347314
0.815710988466515
1.68163767788563
1.47272409810413
2.0965095192872
0.158488983324901
2.06506848214416
0.904176622434167
1.49916216221639
0.531796111335085
0.54381741208172
0.672193147941351
0.661670820417403
-1.23972674505874
-0.985552373502847
-0.687563517034501
0.791134827260264
0.839282314510152
-0.422802011916817
0.227850062486815
0.115704830802029
0.624781647841504
1.04200180211101
-0.439344300096978
-0.782012970249332
-0.679354516807518
-1.04976844547431
-0.395819335181121
-0.255512385362199
-0.188019403833165
0.747332694580267
0.934742815962269
0.137342430631676
0.722757433699413
-0.705702690191404
0.280538506334305
0.223191776777405
-0.116036816992543
0.0486835763989081
1.33906073704871
-0.0451688863264402
1.7107982588871
-0.898857446309306
-0.627916801338858
0
0
0
0
0
0
0
0
0
0
0
0
0
0
0
0
0
0
0
0
0
0
0
0
0
0
0
0
0
0
0
0
0
0
0
0
0
0
0
0
0
0
0
0
0
0
0
0
0
0
0
0
0
0
0
0
0
0
0
0
0
0
0
0
0
0
0
0
0
0
0
0
0
0
0
0
0
0
0
0
0
0
0
0
0
0
0
0
0
0
0
0
0
0
0
0
0
0
0
0
0
0
0
0
0
0
0
0
0
0
0
0
0
0
0
0
0
0
0
0
0
0
0
0
0
0
0
0
0
0
0
0
0
0
0
0
0
0
0
0
0
0
0
0
0
0
0
0
0
0
0
0
0
0
0
0
