-2.90110620681016
-2.52248055102725
0.943820075728516
1.02666579108575
0.94306644972308
0.428812763958598
0.612270118514985
-0.527644433008308
-1.15051262473618
1.06473759075733
0.465579918581677
0.721553591219401
0.625074377542896
0.587742112929442
0.380792742026856
-0.451325374547285
-0.399447813658371
-1.27584967004019
-0.40142492775236
-0.767436524082956
-0.0196665469224755
-0.322701214263587
-0.466115592341472
-0.128391716199531
-0.721103464109519
0.338123365924402
-0.169967021907104
0.531612475817197
0.395475045472399
0.886029845914817
-0.25006853859192
-0.960825405639817
-0.383920281451963
-1.69874391906807
-0.849815373691508
-0.86862565652178
0.698846051418496
-0.533810146805249
0.639325323952124
-0.228874176191898
0.134194109765638
0.624477196631763
0.353046292728105
0.0174580338238804
0.620459502327663
-0.0497009162101462
0.673557057662079
0.175450581402466
0.802719689105367
0.865260404983848
0.324751057959492
0.70054641443808
0.385273495319727
0.252511227875521
-1.54648744155184
-0.498084461558005
-0.761114185609398
0.742485551182455
0.884490862532083
0.859453082020521
-1.00589048281764
-0.528922951595311
-0.440516350159256
-3.22102596167358
-2.29087035311047
-3.84374829816176
0.307355307182241
-0.697060108159516
-0.322674170199931
-1.31619637920674
0.064994667908266
0.0481860622772335
-0.387518614453622
-0.822859620517298
-0.536503476626228
-1.06448681695033
-0.806114036619478
-1.33018782358185
-1.25436351782976
-0.198170488698526
0.794299327682673
0.529773935700211
-1.2299518830983
0.999313925938353
-1.36254888919306
1.02225280634082
0.907855943466257
-0.603246775302663
0.477190008073571
-0.0486540094568418
0.614994816944653
-2.28524104642331
-0.302542168561309
-0.81360388411816
0.0731388178281783
-0.244498790847061
0.2945832670805
1.37654189811241
0.157273818079516
0.83336039777665
1.13525338596382
-0.41605803879262
0.872458962514853
0.289847263550674
1.06716308663033
0.607768760455112
0.730776596851592
1.05081704084459
0.89838502245217
0.728597008217665
2.02998807407564
1.30061731468417
2.04541742942693
0.455717104098845
2.38378482408423
0.953306620362282
1.63252975163771
0.820158447226036
0.681169075032643
0.615893628521888
0.947050082970125
-2.14664143650089
-1.04172306481397
-1.44384729847428
0.323417732711369
0.333428845152918
-0.682344310963429
-0.759636575969186
-0.303547264628652
0.421922673017533
0.474949134589399
-0.804847406010109
-0.292815996982394
-0.82447925169431
-0.49429002194533
-1.33099081404946
0.0954355320304514
0.498139142806114
0.324326207433219
1.04319713793919
-0.285261861174579
0.696405649128785
-0.908851279252202
0.384628701630784
0.287626540734689
0.107289013931145
0.570663242698069
1.88826058040802
0.890844987772778
0.657146699549474
0.563347147713955
0.533470053344366
0
0
0
0
0
0
0
0
0
0
0
0
0
0
0
0
0
0
0
0
0
0
0
0
0
0
0
0
0
0
0
0
0
0
0
0
0
0
0
0
0
0
0
0
0
0
0
0
0
0
0
0
0
0
0
0
0
0
0
0
0
0
0
0
0
0
0
0
0
0
0
0
0
0
0
0
0
0
0
0
0
0
0
0
0
0
0
0
0
0
0
0
0
0
0
0
0
0
0
0
0
0
0
0
0
0
0
0
0
0
0
0
0
0
0
0
0
0
0
0
0
0
0
0
0
0
0
0
0
0
0
0
0
0
0
0
0
0
0
0
0
0
0
0
0
0
0
0
0
0
0
0
0
0
0
0
