-0.499293312147984
-0.464104998341325
-1.53010800370358
0.0745505637347015
0.572085251824601
-0.201597654722956
-0.3452377467038
-1.49256495517232
-1.27779054510886
-0.303025483366433
-0.400937432491736
0.697216587775149
0.933785566839465
-0.297480114298704
0.524664550380803
0.606140211790455
1.23499275579069
0.326663651704
-0.316445883103839
1.99355893628204
0.563674261832571
0.656318878507811
0.510552857846805
0.359183411297319
1.18195921545508
1.00374481415818
0.993969455808152
1.50932445277229
1.13633186215825
-0.791920900326396
-1.61254575238075
0.0901076254635263
0.466570475908256
0.119148928602299
-0.337277628282283
1.3865369482269
0.804134323211564
0.189969603635186
1.34721638577839
0.146207568920249
-0.808159073388382
1.36764455808027
-0.595163274316616
-0.826873076831057
-0.154184288483837
1.47056088212458
-1.37956195050942
0.451896742816856
-0.720471179167455
1.08710465976801
1.18424070974454
-0.469964758688244
0.277729571718286
0.276028587797921
2.74293479667656
-0.070328008507526
2.23054514085651
0.991707644083873
-0.00339973106340553
-0.767289905212434
-0.574941170722777
-0.403240232089389
0.118042543080937
-0.251216382215381
-1.44710868197092
-0.115099393757136
-0.247876821651355
0.103375010593341
0.620713442702516
1.3104349493603
-1.07902701060998
-0.869684083813947
-1.22039738552087
-0.0635551664835359
-1.56934761748717
-0.422704255448798
-1.42509800929294
-0.0199398791398301
-1.55336656961034
-1.41147189484021
-1.71721007836922
-0.201921094547275
-1.5832544209533
2.13091098741705
-0.0107254813485306
0.721082999768036
1.12364655659415
-1.20297076874954
0.508668339345112
-1.0563855784551
-0.26812471034759
0.0393304516434542
0.0639380607676816
-0.251227207967134
-0.61622690479491
1.1688499922824
0.203650724598731
-1.8701507342951
0.332566124748637
0.780962492629368
0.112517293111813
-1.16300617193503
-0.202883610785308
0.483209820363368
-0.0102797547211279
-0.784032275617336
0.0339794362996209
-0.46184236198155
-0.317875603467807
0.257206061650913
-1.5209787027977
0.602595929306219
0.299581371240312
-0.757777611557792
-0.822124096768252
-0.27967897830488
0.00420505199821154
-0.756487477518572
-0.604184266996168
0.189579629292231
-0.507954568298701
1.15132131109725
-0.631701005452784
1.14001964178164
1.43088499774032
1.37847730033065
-0.0988867745379093
2.23342415685927
0.470946766341516
0.586807040305824
1.76811519016708
0.326227740146189
-0.5580954007043
-0.724168656849987
-1.08587126446863
2.00360886736084
-0.836220449883656
-1.59303366898119
1.35352942338539
-0.902172944876026
0.955986443837982
-0.178957531843503
0.816237159981665
-0.69641267955593
-0.799771914563919
-0.259724096077188
-0.502910750285976
-1.64036043908445
-2.61764314278748
2.31840602651729
-0.953165093748642
-1.26584328876607
0
0
0
0
0
0
0
0
0
0
0
0
0
0
0
0
0
0
0
0
0
0
0
0
0
0
0
0
0
0
0
0
0
0
0
0
0
0
0
0
0
0
0
0
0
0
0
0
0
0
0
0
0
0
0
0
0
0
0
0
0
0
0
0
0
0
0
0
0
0
0
0
0
0
0
0
0
0
0
0
0
0
0
0
0
0
0
0
0
0
0
0
0
0
0
0
0
0
0
0
0
0
0
0
0
0
0
0
0
0
0
0
0
0
0
0
0
0
0
0
0
0
0
0
0
0
0
0
0
0
0
0
0
0
0
0
0
0
0
0
0
0
0
0
0
0
0
0
0
0
0
0
0
0
0
0
